2.310000 625 0.125000 0.0 300 1.383333 0.330000
1.230000 625 0.125000 0.1 300 1.103333 0.176667
1.180000 625 0.125000 0.2 300 1.076667 0.130000
1.160000 625 0.125000 0.3 300 1.086667 0.143333
1.080000 625 0.125000 0.4 300 1.020000 0.033333
1.053333 625 0.125000 0.5 300 1.026667 0.046667
1.020000 625 0.125000 0.6 300 1.006667 0.013333
1.006667 625 0.125000 0.7 300 1.003333 0.006667
1.003333 625 0.125000 0.8 300 1.003333 0.006667
142.796667 625 0.500000 0.0 300 35.673333 2.276667
5.133333 625 0.500000 0.1 300 2.203333 0.770000
2.166667 625 0.500000 0.2 300 1.383333 0.426667
1.483333 625 0.500000 0.3 300 1.190000 0.233333
1.316667 625 0.500000 0.4 300 1.163333 0.206667
1.120000 625 0.500000 0.5 300 1.056667 0.100000
1.070000 625 0.500000 0.6 300 1.040000 0.060000
1.030000 625 0.500000 0.7 300 1.013333 0.020000
1.006667 625 0.500000 0.8 300 1.000000 0.000000
452.560000 625 2.000000 0.0 300 180.550000 1.523333
173.663333 625 2.000000 0.1 300 51.953333 2.080000
12.886667 625 2.000000 0.2 300 4.200000 0.806667
2.826667 625 2.000000 0.3 300 1.676667 0.393333
1.736667 625 2.000000 0.4 300 1.263333 0.223333
1.316667 625 2.000000 0.5 300 1.116667 0.123333
1.120000 625 2.000000 0.6 300 1.050000 0.060000
1.046667 625 2.000000 0.7 300 1.026667 0.026667
1.026667 625 2.000000 0.8 300 1.020000 0.023333
602.033333 625 8.000000 0.0 300 287.323333 1.256667
358.323333 625 8.000000 0.1 300 154.953333 1.236667
84.180000 625 8.000000 0.2 300 31.343333 1.010000
7.850000 625 8.000000 0.3 300 3.673333 0.493333
2.500000 625 8.000000 0.4 300 1.720000 0.306667
1.526667 625 8.000000 0.5 300 1.283333 0.183333
1.223333 625 8.000000 0.6 300 1.100000 0.086667
1.066667 625 8.000000 0.7 300 1.030000 0.030000
1.013333 625 8.000000 0.8 300 1.006667 0.013333
614.316667 625 32.000000 0.0 300 304.856667 1.016667
426.193333 625 32.000000 0.1 300 211.506667 1.026667
140.396667 625 32.000000 0.2 300 61.903333 0.846667
13.020000 625 32.000000 0.3 300 7.433333 0.520000
2.613333 625 32.000000 0.4 300 1.920000 0.343333
1.633333 625 32.000000 0.5 300 1.283333 0.180000
1.273333 625 32.000000 0.6 300 1.120000 0.090000
1.076667 625 32.000000 0.7 300 1.033333 0.030000
1.026667 625 32.000000 0.8 300 1.010000 0.010000
2.256667 1250 0.125000 0.0 300 1.380000 0.373333
1.516667 1250 0.125000 0.1 300 1.190000 0.230000
1.173333 1250 0.125000 0.2 300 1.080000 0.136667
1.093333 1250 0.125000 0.3 300 1.050000 0.083333
1.060000 1250 0.125000 0.4 300 1.033333 0.053333
1.056667 1250 0.125000 0.5 300 1.036667 0.070000
1.030000 1250 0.125000 0.6 300 1.020000 0.040000
1.010000 1250 0.125000 0.7 300 1.006667 0.010000
1.003333 1250 0.125000 0.8 300 1.003333 0.006667
261.373333 1250 0.500000 0.0 300 60.846667 1.876667
5.466667 1250 0.500000 0.1 300 2.170000 0.750000
2.246667 1250 0.500000 0.2 300 1.416667 0.410000
1.426667 1250 0.500000 0.3 300 1.146667 0.210000
1.253333 1250 0.500000 0.4 300 1.103333 0.156667
1.113333 1250 0.500000 0.5 300 1.040000 0.053333
1.060000 1250 0.500000 0.6 300 1.023333 0.043333
1.023333 1250 0.500000 0.7 300 1.016667 0.020000
1.010000 1250 0.500000 0.8 300 1.010000 0.016667
928.286667 1250 2.000000 0.0 300 364.436667 1.530000
281.876667 1250 2.000000 0.1 300 79.570000 2.053333
19.263333 1250 2.000000 0.2 300 5.510000 0.986667
3.483333 1250 2.000000 0.3 300 1.890000 0.566667
1.720000 1250 2.000000 0.4 300 1.283333 0.206667
1.266667 1250 2.000000 0.5 300 1.090000 0.086667
1.203333 1250 2.000000 0.6 300 1.103333 0.113333
1.046667 1250 2.000000 0.7 300 1.013333 0.013333
1.013333 1250 2.000000 0.8 300 1.010000 0.016667
1162.983333 1250 8.000000 0.0 300 551.756667 1.193333
701.590000 1250 8.000000 0.1 300 306.500000 1.333333
177.643333 1250 8.000000 0.2 300 63.783333 1.146667
8.046667 1250 8.000000 0.3 300 3.633333 0.560000
2.490000 1250 8.000000 0.4 300 1.693333 0.323333
1.520000 1250 8.000000 0.5 300 1.223333 0.150000
1.226667 1250 8.000000 0.6 300 1.140000 0.120000
1.036667 1250 8.000000 0.7 300 1.006667 0.006667
1.016667 1250 8.000000 0.8 300 1.006667 0.003333
1236.913333 1250 32.000000 0.0 300 621.810000 1.026667
823.213333 1250 32.000000 0.1 300 373.876667 1.026667
249.860000 1250 32.000000 0.2 300 115.960000 0.826667
11.890000 1250 32.000000 0.3 300 5.823333 0.483333
3.163333 1250 32.000000 0.4 300 2.043333 0.336667
1.580000 1250 32.000000 0.5 300 1.240000 0.153333
1.206667 1250 32.000000 0.6 300 1.106667 0.073333
1.113333 1250 32.000000 0.7 300 1.050000 0.040000
1.016667 1250 32.000000 0.8 300 1.010000 0.010000
3.510000 2500 0.125000 0.0 300 1.570000 0.340000
1.356667 2500 0.125000 0.1 300 1.143333 0.213333
1.233333 2500 0.125000 0.2 300 1.090000 0.163333
1.120000 2500 0.125000 0.3 300 1.053333 0.093333
1.070000 2500 0.125000 0.4 300 1.036667 0.070000
1.056667 2500 0.125000 0.5 300 1.033333 0.063333
1.040000 2500 0.125000 0.6 300 1.013333 0.020000
1.013333 2500 0.125000 0.7 300 1.010000 0.016667
1.000000 2500 0.125000 0.8 300 1.000000 0.000000
531.396667 2500 0.500000 0.0 300 127.366667 2.163333
6.063333 2500 0.500000 0.1 300 2.050000 0.723333
1.930000 2500 0.500000 0.2 300 1.310000 0.333333
1.573333 2500 0.500000 0.3 300 1.246667 0.273333
1.230000 2500 0.500000 0.4 300 1.086667 0.113333
1.160000 2500 0.500000 0.5 300 1.070000 0.103333
1.070000 2500 0.500000 0.6 300 1.033333 0.060000
1.033333 2500 0.500000 0.7 300 1.016667 0.020000
1.003333 2500 0.500000 0.8 300 1.000000 0.000000
1807.933333 2500 2.000000 0.0 300 717.576667 1.553333
645.690000 2500 2.000000 0.1 300 177.740000 2.290000
31.396667 2500 2.000000 0.2 300 7.913333 1.286667
2.926667 2500 2.000000 0.3 300 1.736667 0.410000
1.860000 2500 2.000000 0.4 300 1.310000 0.283333
1.326667 2500 2.000000 0.5 300 1.130000 0.146667
1.170000 2500 2.000000 0.6 300 1.073333 0.083333
1.036667 2500 2.000000 0.7 300 1.013333 0.016667
1.010000 2500 2.000000 0.8 300 1.010000 0.010000
2425.020000 2500 8.000000 0.0 300 1072.303333 1.203333
1358.290000 2500 8.000000 0.1 300 602.503333 1.376667
339.633333 2500 8.000000 0.2 300 120.846667 1.253333
7.150000 2500 8.000000 0.3 300 3.216667 0.450000
2.396667 2500 8.000000 0.4 300 1.670000 0.286667
1.520000 2500 8.000000 0.5 300 1.236667 0.180000
1.216667 2500 8.000000 0.6 300 1.140000 0.116667
1.070000 2500 8.000000 0.7 300 1.023333 0.020000
1.030000 2500 8.000000 0.8 300 1.016667 0.016667
2498.843333 2500 32.000000 0.0 300 1241.876667 1.050000
1609.993333 2500 32.000000 0.1 300 797.673333 1.033333
570.716667 2500 32.000000 0.2 300 262.386667 0.913333
19.883333 2500 32.000000 0.3 300 8.253333 0.510000
3.070000 2500 32.000000 0.4 300 1.993333 0.320000
1.633333 2500 32.000000 0.5 300 1.296667 0.156667
1.290000 2500 32.000000 0.6 300 1.160000 0.143333
1.096667 2500 32.000000 0.7 300 1.056667 0.053333
1.026667 2500 32.000000 0.8 300 1.006667 0.006667
4.153333 5000 0.125000 0.0 300 1.806667 0.446667
1.313333 5000 0.125000 0.1 300 1.120000 0.186667
1.163333 5000 0.125000 0.2 300 1.060000 0.100000
1.123333 5000 0.125000 0.3 300 1.056667 0.083333
1.076667 5000 0.125000 0.4 300 1.033333 0.040000
1.036667 5000 0.125000 0.5 300 1.026667 0.046667
1.023333 5000 0.125000 0.6 300 1.003333 0.003333
1.006667 5000 0.125000 0.7 300 1.000000 0.000000
1.000000 5000 0.125000 0.8 300 1.000000 0.000000
1059.123333 5000 0.500000 0.0 300 241.753333 2.133333
6.273333 5000 0.500000 0.1 300 2.196667 0.746667
1.973333 5000 0.500000 0.2 300 1.400000 0.410000
1.393333 5000 0.500000 0.3 300 1.153333 0.193333
1.333333 5000 0.500000 0.4 300 1.133333 0.180000
1.116667 5000 0.500000 0.5 300 1.056667 0.096667
1.063333 5000 0.500000 0.6 300 1.026667 0.036667
1.026667 5000 0.500000 0.7 300 1.013333 0.016667
1.010000 5000 0.500000 0.8 300 1.010000 0.016667
3696.356667 5000 2.000000 0.0 300 1485.590000 1.673333
1198.310000 5000 2.000000 0.1 300 333.390000 2.386667
32.390000 5000 2.000000 0.2 300 6.730000 1.223333
3.656667 5000 2.000000 0.3 300 1.890000 0.500000
1.850000 5000 2.000000 0.4 300 1.353333 0.320000
1.323333 5000 2.000000 0.5 300 1.130000 0.160000
1.136667 5000 2.000000 0.6 300 1.080000 0.096667
1.033333 5000 2.000000 0.7 300 1.016667 0.020000
1.016667 5000 2.000000 0.8 300 1.016667 0.013333
4750.743333 5000 8.000000 0.0 300 2331.140000 1.193333
2853.083333 5000 8.000000 0.1 300 1205.903333 1.483333
692.036667 5000 8.000000 0.2 300 244.880000 1.393333
9.343333 5000 8.000000 0.3 300 4.246667 0.560000
2.743333 5000 8.000000 0.4 300 1.890000 0.343333
1.566667 5000 8.000000 0.5 300 1.253333 0.160000
1.230000 5000 8.000000 0.6 300 1.093333 0.063333
1.070000 5000 8.000000 0.7 300 1.026667 0.020000
1.020000 5000 8.000000 0.8 300 1.016667 0.020000
4931.123333 5000 32.000000 0.0 300 2421.290000 1.043333
3157.666667 5000 32.000000 0.1 300 1563.750000 1.033333
1065.223333 5000 32.000000 0.2 300 526.746667 0.920000
22.833333 5000 32.000000 0.3 300 9.760000 0.533333
2.896667 5000 32.000000 0.4 300 1.853333 0.280000
1.773333 5000 32.000000 0.5 300 1.370000 0.206667
1.220000 5000 32.000000 0.6 300 1.120000 0.080000
1.090000 5000 32.000000 0.7 300 1.056667 0.050000
1.026667 5000 32.000000 0.8 300 1.003333 0.003333
10.590000 10000 0.125000 0.0 300 2.683333 0.560000
1.366667 10000 0.125000 0.1 300 1.126667 0.170000
1.193333 10000 0.125000 0.2 300 1.093333 0.156667
1.160000 10000 0.125000 0.3 300 1.070000 0.130000
1.043333 10000 0.125000 0.4 300 1.016667 0.026667
1.033333 10000 0.125000 0.5 300 1.020000 0.036667
1.016667 10000 0.125000 0.6 300 1.006667 0.013333
1.016667 10000 0.125000 0.7 300 1.006667 0.013333
1.006667 10000 0.125000 0.8 300 1.003333 0.003333
2044.646667 10000 0.500000 0.0 300 493.506667 2.126667
6.036667 10000 0.500000 0.1 300 2.196667 0.613333
2.096667 10000 0.500000 0.2 300 1.363333 0.416667
1.413333 10000 0.500000 0.3 300 1.146667 0.176667
1.220000 10000 0.500000 0.4 300 1.096667 0.140000
1.150000 10000 0.500000 0.5 300 1.066667 0.080000
1.070000 10000 0.500000 0.6 300 1.033333 0.050000
1.036667 10000 0.500000 0.7 300 1.010000 0.020000
1.006667 10000 0.500000 0.8 300 1.006667 0.010000
7789.536667 10000 2.000000 0.0 300 3263.906667 1.760000
2381.323333 10000 2.000000 0.1 300 659.360000 2.470000
58.026667 10000 2.000000 0.2 300 9.623333 1.166667
2.896667 10000 2.000000 0.3 300 1.633333 0.460000
1.710000 10000 2.000000 0.4 300 1.336667 0.320000
1.270000 10000 2.000000 0.5 300 1.116667 0.113333
1.146667 10000 2.000000 0.6 300 1.070000 0.083333
1.056667 10000 2.000000 0.7 300 1.023333 0.033333
1.016667 10000 2.000000 0.8 300 1.013333 0.016667
9532.920000 10000 8.000000 0.0 300 4727.956667 1.240000
5508.310000 10000 8.000000 0.1 300 2478.313333 1.530000
1515.883333 10000 8.000000 0.2 300 529.236667 1.530000
8.473333 10000 8.000000 0.3 300 3.986667 0.503333
2.526667 10000 8.000000 0.4 300 1.696667 0.343333
1.526667 10000 8.000000 0.5 300 1.206667 0.170000
1.213333 10000 8.000000 0.6 300 1.096667 0.086667
1.060000 10000 8.000000 0.7 300 1.023333 0.023333
1.003333 10000 8.000000 0.8 300 1.000000 0.000000
9895.163333 10000 32.000000 0.0 300 4660.133333 1.063333
6362.540000 10000 32.000000 0.1 300 3229.256667 1.090000
2232.766667 10000 32.000000 0.2 300 1071.103333 0.946667
22.596667 10000 32.000000 0.3 300 11.860000 0.513333
2.896667 10000 32.000000 0.4 300 1.860000 0.276667
1.653333 10000 32.000000 0.5 300 1.323333 0.186667
1.216667 10000 32.000000 0.6 300 1.093333 0.066667
1.076667 10000 32.000000 0.7 300 1.043333 0.036667
1.013333 10000 32.000000 0.8 300 1.003333 0.003333
