1.196667 625 0.031250 0.0 300 1.063333 0.113333
1.100000 625 0.031250 0.1 300 1.046667 0.093333
1.053333 625 0.031250 0.2 300 1.006667 0.016667
1.060000 625 0.031250 0.3 300 1.033333 0.060000
1.063333 625 0.031250 0.4 300 1.036667 0.070000
1.050000 625 0.031250 0.5 300 1.026667 0.053333
1.040000 625 0.031250 0.6 300 1.010000 0.020000
1.046667 625 0.031250 0.7 300 1.036667 0.063333
1.023333 625 0.031250 0.8 300 1.016667 0.026667
1.410000 625 0.062500 0.0 300 1.176667 0.256667
1.280000 625 0.062500 0.1 300 1.093333 0.176667
1.193333 625 0.062500 0.2 300 1.073333 0.093333
1.160000 625 0.062500 0.3 300 1.066667 0.110000
1.120000 625 0.062500 0.4 300 1.056667 0.093333
1.073333 625 0.062500 0.5 300 1.030000 0.053333
1.090000 625 0.062500 0.6 300 1.036667 0.073333
1.056667 625 0.062500 0.7 300 1.020000 0.040000
1.050000 625 0.062500 0.8 300 1.020000 0.033333
20.453333 625 0.250000 0.0 300 5.063333 1.040000
4.240000 625 0.250000 0.1 300 1.793333 0.543333
2.456667 625 0.250000 0.2 300 1.430000 0.396667
1.720000 625 0.250000 0.3 300 1.280000 0.360000
1.500000 625 0.250000 0.4 300 1.140000 0.206667
1.396667 625 0.250000 0.5 300 1.160000 0.216667
1.400000 625 0.250000 0.6 300 1.153333 0.206667
1.283333 625 0.250000 0.7 300 1.100000 0.156667
1.266667 625 0.250000 0.8 300 1.110000 0.180000
293.663333 625 1.000000 0.0 300 96.083333 1.796667
149.550000 625 1.000000 0.1 300 41.246667 1.876667
85.300000 625 1.000000 0.2 300 20.736667 2.010000
22.883333 625 1.000000 0.3 300 5.940000 1.350000
9.156667 625 1.000000 0.4 300 2.873333 0.823333
5.213333 625 1.000000 0.5 300 2.273333 0.643333
3.573333 625 1.000000 0.6 300 1.800000 0.513333
2.470000 625 1.000000 0.7 300 1.573333 0.440000
2.143333 625 1.000000 0.8 300 1.410000 0.370000
534.993333 625 4.000000 0.0 300 252.903333 1.313333
415.276667 625 4.000000 0.1 300 180.746667 1.403333
299.613333 625 4.000000 0.2 300 120.503333 1.570000
221.013333 625 4.000000 0.3 300 83.150000 1.690000
114.410000 625 4.000000 0.4 300 39.373333 1.536667
54.040000 625 4.000000 0.5 300 17.396667 1.256667
20.606667 625 4.000000 0.6 300 7.520000 0.960000
7.826667 625 4.000000 0.7 300 3.296667 0.623333
4.716667 625 4.000000 0.8 300 2.340000 0.533333
609.313333 625 16.000000 0.0 300 302.166667 1.076667
496.073333 625 16.000000 0.1 300 221.496667 1.066667
389.600000 625 16.000000 0.2 300 197.416667 1.126667
270.653333 625 16.000000 0.3 300 121.766667 1.020000
200.523333 625 16.000000 0.4 300 96.560000 1.006667
109.763333 625 16.000000 0.5 300 46.240000 0.933333
46.076667 625 16.000000 0.6 300 20.943333 0.790000
16.510000 625 16.000000 0.7 300 7.803333 0.603333
8.100000 625 16.000000 0.8 300 4.256667 0.516667
1.153333 1250 0.031250 0.0 300 1.050000 0.073333
1.096667 1250 0.031250 0.1 300 1.050000 0.096667
1.093333 1250 0.031250 0.2 300 1.046667 0.063333
1.043333 1250 0.031250 0.3 300 1.023333 0.046667
1.073333 1250 0.031250 0.4 300 1.030000 0.053333
1.056667 1250 0.031250 0.5 300 1.026667 0.046667
1.040000 1250 0.031250 0.6 300 1.013333 0.026667
1.030000 1250 0.031250 0.7 300 1.013333 0.026667
1.043333 1250 0.031250 0.8 300 1.023333 0.046667
1.433333 1250 0.062500 0.0 300 1.186667 0.246667
1.246667 1250 0.062500 0.1 300 1.086667 0.146667
1.246667 1250 0.062500 0.2 300 1.106667 0.150000
1.183333 1250 0.062500 0.3 300 1.093333 0.153333
1.116667 1250 0.062500 0.4 300 1.046667 0.090000
1.093333 1250 0.062500 0.5 300 1.056667 0.103333
1.100000 1250 0.062500 0.6 300 1.033333 0.050000
1.076667 1250 0.062500 0.7 300 1.046667 0.086667
1.053333 1250 0.062500 0.8 300 1.033333 0.066667
28.183333 1250 0.250000 0.0 300 6.336667 1.073333
4.483333 1250 0.250000 0.1 300 1.786667 0.480000
2.523333 1250 0.250000 0.2 300 1.443333 0.383333
1.990000 1250 0.250000 0.3 300 1.316667 0.303333
1.540000 1250 0.250000 0.4 300 1.156667 0.246667
1.406667 1250 0.250000 0.5 300 1.180000 0.230000
1.393333 1250 0.250000 0.6 300 1.160000 0.216667
1.300000 1250 0.250000 0.7 300 1.153333 0.216667
1.260000 1250 0.250000 0.8 300 1.100000 0.170000
669.253333 1250 1.000000 0.0 300 220.116667 1.993333
335.656667 1250 1.000000 0.1 300 87.866667 2.300000
123.390000 1250 1.000000 0.2 300 27.066667 2.000000
38.826667 1250 1.000000 0.3 300 8.106667 1.326667
13.200000 1250 1.000000 0.4 300 3.806667 0.920000
4.150000 1250 1.000000 0.5 300 1.863333 0.516667
3.106667 1250 1.000000 0.6 300 1.713333 0.516667
2.593333 1250 1.000000 0.7 300 1.586667 0.510000
1.760000 1250 1.000000 0.8 300 1.300000 0.286667
1105.400000 1250 4.000000 0.0 300 509.916667 1.356667
869.850000 1250 4.000000 0.1 300 394.233333 1.613333
614.750000 1250 4.000000 0.2 300 256.193333 1.660000
396.083333 1250 4.000000 0.3 300 147.783333 1.653333
210.583333 1250 4.000000 0.4 300 72.190000 1.606667
89.516667 1250 4.000000 0.5 300 27.220000 1.446667
29.653333 1250 4.000000 0.6 300 9.530000 0.913333
9.523333 1250 4.000000 0.7 300 4.060000 0.726667
5.523333 1250 4.000000 0.8 300 2.466667 0.513333
1206.130000 1250 16.000000 0.0 300 581.890000 1.086667
985.273333 1250 16.000000 0.1 300 465.350000 1.140000
788.533333 1250 16.000000 0.2 300 366.193333 1.186667
592.173333 1250 16.000000 0.3 300 269.476667 1.133333
378.206667 1250 16.000000 0.4 300 177.460000 1.070000
228.566667 1250 16.000000 0.5 300 99.726667 1.083333
107.683333 1250 16.000000 0.6 300 47.500000 0.936667
24.753333 1250 16.000000 0.7 300 11.206667 0.610000
9.023333 1250 16.000000 0.8 300 4.123333 0.516667
1.133333 2500 0.031250 0.0 300 1.060000 0.083333
1.130000 2500 0.031250 0.1 300 1.063333 0.126667
1.063333 2500 0.031250 0.2 300 1.033333 0.063333
1.070000 2500 0.031250 0.3 300 1.030000 0.043333
1.063333 2500 0.031250 0.4 300 1.046667 0.080000
1.016667 2500 0.031250 0.5 300 1.010000 0.020000
1.046667 2500 0.031250 0.6 300 1.023333 0.046667
1.036667 2500 0.031250 0.7 300 1.023333 0.046667
1.043333 2500 0.031250 0.8 300 1.023333 0.050000
1.456667 2500 0.062500 0.0 300 1.156667 0.193333
1.233333 2500 0.062500 0.1 300 1.083333 0.116667
1.223333 2500 0.062500 0.2 300 1.090000 0.150000
1.216667 2500 0.062500 0.3 300 1.096667 0.156667
1.146667 2500 0.062500 0.4 300 1.073333 0.096667
1.130000 2500 0.062500 0.5 300 1.046667 0.090000
1.080000 2500 0.062500 0.6 300 1.020000 0.040000
1.080000 2500 0.062500 0.7 300 1.040000 0.076667
1.090000 2500 0.062500 0.8 300 1.053333 0.090000
72.896667 2500 0.250000 0.0 300 13.840000 1.340000
4.370000 2500 0.250000 0.1 300 1.850000 0.563333
2.796667 2500 0.250000 0.2 300 1.553333 0.450000
1.876667 2500 0.250000 0.3 300 1.300000 0.350000
1.750000 2500 0.250000 0.4 300 1.236667 0.260000
1.576667 2500 0.250000 0.5 300 1.173333 0.266667
1.453333 2500 0.250000 0.6 300 1.173333 0.260000
1.290000 2500 0.250000 0.7 300 1.123333 0.170000
1.283333 2500 0.250000 0.8 300 1.120000 0.190000
1304.496667 2500 1.000000 0.0 300 446.430000 2.163333
703.346667 2500 1.000000 0.1 300 178.313333 2.573333
249.623333 2500 1.000000 0.2 300 46.693333 2.300000
76.773333 2500 1.000000 0.3 300 13.076667 1.956667
15.140000 2500 1.000000 0.4 300 4.013333 1.126667
6.346667 2500 1.000000 0.5 300 2.450000 0.726667
3.196667 2500 1.000000 0.6 300 1.683333 0.466667
2.763333 2500 1.000000 0.7 300 1.660000 0.493333
2.266667 2500 1.000000 0.8 300 1.410000 0.376667
2218.390000 2500 4.000000 0.0 300 928.663333 1.386667
1638.516667 2500 4.000000 0.1 300 723.353333 1.576667
1255.570000 2500 4.000000 0.2 300 500.783333 1.763333
779.453333 2500 4.000000 0.3 300 286.443333 1.616667
442.480000 2500 4.000000 0.4 300 147.046667 1.803333
192.803333 2500 4.000000 0.5 300 53.923333 1.563333
36.990000 2500 4.000000 0.6 300 10.416667 0.880000
10.383333 2500 4.000000 0.7 300 4.326667 0.733333
7.896667 2500 4.000000 0.8 300 3.483333 0.616667
2387.176667 2500 16.000000 0.0 300 1136.143333 1.043333
1948.786667 2500 16.000000 0.1 300 964.236667 1.076667
1493.503333 2500 16.000000 0.2 300 749.893333 1.083333
1194.940000 2500 16.000000 0.3 300 533.286667 1.196667
740.920000 2500 16.000000 0.4 300 360.180000 1.040000
438.603333 2500 16.000000 0.5 300 183.803333 1.060000
170.170000 2500 16.000000 0.6 300 70.480000 0.900000
48.810000 2500 16.000000 0.7 300 22.540000 0.766667
12.126667 2500 16.000000 0.8 300 5.883333 0.556667
1.146667 5000 0.031250 0.0 300 1.063333 0.090000
1.146667 5000 0.031250 0.1 300 1.053333 0.073333
1.086667 5000 0.031250 0.2 300 1.026667 0.040000
1.053333 5000 0.031250 0.3 300 1.020000 0.036667
1.073333 5000 0.031250 0.4 300 1.030000 0.056667
1.036667 5000 0.031250 0.5 300 1.013333 0.023333
1.030000 5000 0.031250 0.6 300 1.020000 0.040000
1.033333 5000 0.031250 0.7 300 1.016667 0.033333
1.020000 5000 0.031250 0.8 300 1.010000 0.020000
1.706667 5000 0.062500 0.0 300 1.246667 0.246667
1.213333 5000 0.062500 0.1 300 1.096667 0.173333
1.146667 5000 0.062500 0.2 300 1.050000 0.073333
1.186667 5000 0.062500 0.3 300 1.083333 0.160000
1.133333 5000 0.062500 0.4 300 1.056667 0.086667
1.076667 5000 0.062500 0.5 300 1.050000 0.093333
1.076667 5000 0.062500 0.6 300 1.026667 0.046667
1.073333 5000 0.062500 0.7 300 1.033333 0.050000
1.046667 5000 0.062500 0.8 300 1.023333 0.036667
139.753333 5000 0.250000 0.0 300 21.996667 1.436667
6.420000 5000 0.250000 0.1 300 2.263333 0.623333
2.433333 5000 0.250000 0.2 300 1.413333 0.383333
1.973333 5000 0.250000 0.3 300 1.346667 0.343333
1.683333 5000 0.250000 0.4 300 1.246667 0.340000
1.460000 5000 0.250000 0.5 300 1.156667 0.250000
1.393333 5000 0.250000 0.6 300 1.176667 0.283333
1.326667 5000 0.250000 0.7 300 1.130000 0.203333
1.296667 5000 0.250000 0.8 300 1.130000 0.183333
2812.620000 5000 1.000000 0.0 300 908.953333 2.276667
1302.826667 5000 1.000000 0.1 300 325.173333 2.673333
498.180000 5000 1.000000 0.2 300 91.156667 2.543333
109.200000 5000 1.000000 0.3 300 15.773333 2.003333
17.426667 5000 1.000000 0.4 300 4.143333 1.060000
5.786667 5000 1.000000 0.5 300 2.206667 0.680000
3.173333 5000 1.000000 0.6 300 1.670000 0.536667
2.286667 5000 1.000000 0.7 300 1.480000 0.383333
2.056667 5000 1.000000 0.8 300 1.393333 0.356667
4454.780000 5000 4.000000 0.0 300 2104.866667 1.440000
3361.076667 5000 4.000000 0.1 300 1438.116667 1.703333
2302.456667 5000 4.000000 0.2 300 912.386667 1.723333
1470.173333 5000 4.000000 0.3 300 533.083333 1.730000
890.160000 5000 4.000000 0.4 300 283.740000 1.850000
403.946667 5000 4.000000 0.5 300 109.146667 1.960000
99.700000 5000 4.000000 0.6 300 24.886667 1.203333
18.206667 5000 4.000000 0.7 300 5.976667 0.943333
5.060000 5000 4.000000 0.8 300 2.400000 0.530000
4924.173333 5000 16.000000 0.0 300 2463.550000 1.126667
4140.723333 5000 16.000000 0.1 300 1999.856667 1.190000
3066.733333 5000 16.000000 0.2 300 1464.743333 1.176667
2440.133333 5000 16.000000 0.3 300 1111.620000 1.156667
1583.143333 5000 16.000000 0.4 300 707.020000 1.183333
859.276667 5000 16.000000 0.5 300 370.566667 1.140000
351.773333 5000 16.000000 0.6 300 144.043333 0.970000
85.816667 5000 16.000000 0.7 300 35.556667 0.763333
9.580000 5000 16.000000 0.8 300 4.946667 0.643333
1.186667 10000 0.031250 0.0 300 1.066667 0.110000
1.080000 10000 0.031250 0.1 300 1.033333 0.056667
1.113333 10000 0.031250 0.2 300 1.043333 0.070000
1.053333 10000 0.031250 0.3 300 1.030000 0.056667
1.046667 10000 0.031250 0.4 300 1.013333 0.026667
1.063333 10000 0.031250 0.5 300 1.026667 0.050000
1.040000 10000 0.031250 0.6 300 1.020000 0.040000
1.050000 10000 0.031250 0.7 300 1.033333 0.063333
1.006667 10000 0.031250 0.8 300 1.000000 0.000000
1.556667 10000 0.062500 0.0 300 1.163333 0.240000
1.303333 10000 0.062500 0.1 300 1.120000 0.206667
1.173333 10000 0.062500 0.2 300 1.080000 0.136667
1.143333 10000 0.062500 0.3 300 1.053333 0.103333
1.120000 10000 0.062500 0.4 300 1.046667 0.073333
1.093333 10000 0.062500 0.5 300 1.026667 0.050000
1.083333 10000 0.062500 0.6 300 1.040000 0.070000
1.096667 10000 0.062500 0.7 300 1.030000 0.060000
1.063333 10000 0.062500 0.8 300 1.016667 0.026667
286.543333 10000 0.250000 0.0 300 44.860000 1.666667
3.916667 10000 0.250000 0.1 300 1.543333 0.423333
2.150000 10000 0.250000 0.2 300 1.393333 0.423333
2.010000 10000 0.250000 0.3 300 1.346667 0.323333
1.706667 10000 0.250000 0.4 300 1.240000 0.293333
1.460000 10000 0.250000 0.5 300 1.166667 0.220000
1.343333 10000 0.250000 0.6 300 1.136667 0.176667
1.260000 10000 0.250000 0.7 300 1.106667 0.163333
1.246667 10000 0.250000 0.8 300 1.096667 0.126667
5446.920000 10000 1.000000 0.0 300 1800.463333 2.193333
2447.336667 10000 1.000000 0.1 300 605.543333 2.570000
1151.493333 10000 1.000000 0.2 300 204.980000 3.110000
227.936667 10000 1.000000 0.3 300 28.320000 2.173333
27.226667 10000 1.000000 0.4 300 4.870000 0.983333
5.413333 10000 1.000000 0.5 300 2.163333 0.650000
3.166667 10000 1.000000 0.6 300 1.646667 0.560000
2.733333 10000 1.000000 0.7 300 1.603333 0.483333
2.156667 10000 1.000000 0.8 300 1.423333 0.350000
8874.610000 10000 4.000000 0.0 300 4068.166667 1.426667
6634.896667 10000 4.000000 0.1 300 2795.840000 1.776667
4704.110000 10000 4.000000 0.2 300 1858.003333 1.750000
3171.566667 10000 4.000000 0.3 300 1176.886667 2.036667
1927.170000 10000 4.000000 0.4 300 622.833333 2.043333
705.923333 10000 4.000000 0.5 300 176.463333 1.746667
127.833333 10000 4.000000 0.6 300 26.890000 1.263333
14.406667 10000 4.000000 0.7 300 5.320000 0.690000
7.070000 10000 4.000000 0.8 300 3.380000 0.593333
9582.296667 10000 16.000000 0.0 300 4661.660000 1.100000
8041.600000 10000 16.000000 0.1 300 3909.623333 1.120000
6420.500000 10000 16.000000 0.2 300 3257.680000 1.226667
4626.613333 10000 16.000000 0.3 300 2155.666667 1.193333
3250.440000 10000 16.000000 0.4 300 1467.013333 1.230000
1777.943333 10000 16.000000 0.5 300 770.296667 1.143333
701.750000 10000 16.000000 0.6 300 296.870000 1.020000
118.323333 10000 16.000000 0.7 300 41.946667 0.730000
18.490000 10000 16.000000 0.8 300 8.270000 0.553333
