2.626667 625 0.125000 0.0 300 1.490000 0.423333
1.376667 625 0.125000 0.1 300 1.130000 0.196667
1.226667 625 0.125000 0.2 300 1.093333 0.163333
1.223333 625 0.125000 0.3 300 1.083333 0.153333
1.160000 625 0.125000 0.4 300 1.056667 0.110000
1.146667 625 0.125000 0.5 300 1.053333 0.096667
1.133333 625 0.125000 0.6 300 1.060000 0.103333
1.070000 625 0.125000 0.7 300 1.043333 0.086667
1.073333 625 0.125000 0.8 300 1.030000 0.043333
108.383333 625 0.500000 0.0 300 26.696667 1.716667
4.166667 625 0.500000 0.1 300 1.773333 0.573333
2.603333 625 0.500000 0.2 300 1.500000 0.526667
2.113333 625 0.500000 0.3 300 1.416667 0.450000
1.650000 625 0.500000 0.4 300 1.253333 0.306667
1.543333 625 0.500000 0.5 300 1.260000 0.320000
1.396667 625 0.500000 0.6 300 1.173333 0.233333
1.250000 625 0.500000 0.7 300 1.096667 0.140000
1.206667 625 0.500000 0.8 300 1.093333 0.133333
472.506667 625 2.000000 0.0 300 185.246667 1.526667
178.820000 625 2.000000 0.1 300 49.876667 2.170000
41.140000 625 2.000000 0.2 300 10.400000 1.526667
7.500000 625 2.000000 0.3 300 3.096667 0.766667
4.226667 625 2.000000 0.4 300 2.223333 0.576667
3.073333 625 2.000000 0.5 300 1.720000 0.473333
2.200000 625 2.000000 0.6 300 1.443333 0.343333
1.810000 625 2.000000 0.7 300 1.346667 0.326667
1.626667 625 2.000000 0.8 300 1.280000 0.296667
598.743333 625 8.000000 0.0 300 277.923333 1.200000
363.570000 625 8.000000 0.1 300 171.106667 1.300000
193.656667 625 8.000000 0.2 300 77.856667 1.266667
66.776667 625 8.000000 0.3 300 23.723333 1.016667
14.293333 625 8.000000 0.4 300 6.963333 0.826667
5.610000 625 8.000000 0.5 300 3.063333 0.523333
3.446667 625 8.000000 0.6 300 2.000000 0.406667
2.336667 625 8.000000 0.7 300 1.610000 0.320000
1.820000 625 8.000000 0.8 300 1.410000 0.280000
615.296667 625 32.000000 0.0 300 298.716667 1.036667
415.573333 625 32.000000 0.1 300 195.500000 1.036667
237.493333 625 32.000000 0.2 300 113.423333 0.893333
95.636667 625 32.000000 0.3 300 43.060000 0.810000
29.330000 625 32.000000 0.4 300 14.206667 0.590000
8.653333 625 32.000000 0.5 300 4.836667 0.473333
3.996667 625 32.000000 0.6 300 2.430000 0.423333
2.793333 625 32.000000 0.7 300 1.820000 0.356667
1.843333 625 32.000000 0.8 300 1.396667 0.236667
3.196667 1250 0.125000 0.0 300 1.550000 0.513333
1.410000 1250 0.125000 0.1 300 1.173333 0.230000
1.253333 1250 0.125000 0.2 300 1.110000 0.146667
1.156667 1250 0.125000 0.3 300 1.066667 0.123333
1.176667 1250 0.125000 0.4 300 1.083333 0.146667
1.150000 1250 0.125000 0.5 300 1.066667 0.120000
1.060000 1250 0.125000 0.6 300 1.030000 0.056667
1.083333 1250 0.125000 0.7 300 1.040000 0.073333
1.063333 1250 0.125000 0.8 300 1.023333 0.043333
243.276667 1250 0.500000 0.0 300 56.970000 2.076667
4.770000 1250 0.500000 0.1 300 1.953333 0.693333
2.380000 1250 0.500000 0.2 300 1.423333 0.423333
1.966667 1250 0.500000 0.3 300 1.393333 0.370000
1.636667 1250 0.500000 0.4 300 1.210000 0.276667
1.443333 1250 0.500000 0.5 300 1.160000 0.220000
1.353333 1250 0.500000 0.6 300 1.143333 0.213333
1.383333 1250 0.500000 0.7 300 1.156667 0.200000
1.223333 1250 0.500000 0.8 300 1.093333 0.140000
890.243333 1250 2.000000 0.0 300 361.343333 1.673333
355.910000 1250 2.000000 0.1 300 96.433333 2.450000
68.763333 1250 2.000000 0.2 300 15.546667 1.713333
12.810000 1250 2.000000 0.3 300 4.190000 0.880000
4.533333 1250 2.000000 0.4 300 2.160000 0.620000
2.806667 1250 2.000000 0.5 300 1.696667 0.460000
2.383333 1250 2.000000 0.6 300 1.573333 0.390000
1.916667 1250 2.000000 0.7 300 1.333333 0.323333
1.606667 1250 2.000000 0.8 300 1.246667 0.240000
1191.076667 1250 8.000000 0.0 300 567.026667 1.133333
727.816667 1250 8.000000 0.1 300 319.876667 1.410000
371.320000 1250 8.000000 0.2 300 148.046667 1.516667
119.346667 1250 8.000000 0.3 300 42.090000 1.310000
21.253333 1250 8.000000 0.4 300 8.016667 0.760000
6.983333 1250 8.000000 0.5 300 3.570000 0.506667
3.986667 1250 8.000000 0.6 300 2.326667 0.506667
2.593333 1250 8.000000 0.7 300 1.763333 0.383333
1.950000 1250 8.000000 0.8 300 1.466667 0.290000
1235.970000 1250 32.000000 0.0 300 627.326667 1.063333
838.873333 1250 32.000000 0.1 300 416.000000 0.973333
486.886667 1250 32.000000 0.2 300 228.670000 0.946667
202.986667 1250 32.000000 0.3 300 97.683333 0.843333
39.993333 1250 32.000000 0.4 300 17.993333 0.686667
8.080000 1250 32.000000 0.5 300 4.230000 0.500000
4.413333 1250 32.000000 0.6 300 2.790000 0.373333
3.100000 1250 32.000000 0.7 300 1.886667 0.350000
2.093333 1250 32.000000 0.8 300 1.610000 0.293333
3.983333 2500 0.125000 0.0 300 1.830000 0.513333
1.296667 2500 0.125000 0.1 300 1.136667 0.213333
1.230000 2500 0.125000 0.2 300 1.090000 0.150000
1.180000 2500 0.125000 0.3 300 1.056667 0.083333
1.133333 2500 0.125000 0.4 300 1.066667 0.110000
1.126667 2500 0.125000 0.5 300 1.053333 0.090000
1.110000 2500 0.125000 0.6 300 1.046667 0.083333
1.100000 2500 0.125000 0.7 300 1.033333 0.066667
1.053333 2500 0.125000 0.8 300 1.023333 0.040000
542.146667 2500 0.500000 0.0 300 124.173333 2.310000
6.813333 2500 0.500000 0.1 300 2.360000 0.980000
2.653333 2500 0.500000 0.2 300 1.503333 0.423333
1.963333 2500 0.500000 0.3 300 1.316667 0.396667
1.810000 2500 0.500000 0.4 300 1.290000 0.356667
1.403333 2500 0.500000 0.5 300 1.170000 0.216667
1.363333 2500 0.500000 0.6 300 1.120000 0.183333
1.260000 2500 0.500000 0.7 300 1.123333 0.170000
1.273333 2500 0.500000 0.8 300 1.093333 0.153333
1877.123333 2500 2.000000 0.0 300 748.800000 1.696667
706.873333 2500 2.000000 0.1 300 186.746667 2.570000
131.553333 2500 2.000000 0.2 300 23.730000 2.013333
15.433333 2500 2.000000 0.3 300 4.416667 0.926667
4.110000 2500 2.000000 0.4 300 2.110000 0.560000
3.043333 2500 2.000000 0.5 300 1.713333 0.460000
2.480000 2500 2.000000 0.6 300 1.590000 0.423333
1.693333 2500 2.000000 0.7 300 1.283333 0.250000
1.583333 2500 2.000000 0.8 300 1.206667 0.236667
2390.426667 2500 8.000000 0.0 300 1137.330000 1.223333
1483.096667 2500 8.000000 0.1 300 601.853333 1.493333
627.343333 2500 8.000000 0.2 300 234.426667 1.296667
208.763333 2500 8.000000 0.3 300 72.216667 1.146667
23.840000 2500 8.000000 0.4 300 9.316667 0.723333
6.123333 2500 8.000000 0.5 300 3.073333 0.560000
3.623333 2500 8.000000 0.6 300 2.243333 0.460000
2.760000 2500 8.000000 0.7 300 1.723333 0.370000
1.733333 2500 8.000000 0.8 300 1.346667 0.236667
2464.440000 2500 32.000000 0.0 300 1202.926667 1.066667
1674.020000 2500 32.000000 0.1 300 787.423333 1.046667
1033.746667 2500 32.000000 0.2 300 478.360000 1.023333
402.696667 2500 32.000000 0.3 300 179.230000 0.876667
77.550000 2500 32.000000 0.4 300 34.063333 0.723333
10.243333 2500 32.000000 0.5 300 5.503333 0.520000
4.706667 2500 32.000000 0.6 300 2.773333 0.446667
2.740000 2500 32.000000 0.7 300 1.843333 0.343333
2.103333 2500 32.000000 0.8 300 1.516667 0.273333
4.366667 5000 0.125000 0.0 300 1.803333 0.530000
1.413333 5000 0.125000 0.1 300 1.173333 0.233333
1.253333 5000 0.125000 0.2 300 1.110000 0.196667
1.260000 5000 0.125000 0.3 300 1.086667 0.140000
1.143333 5000 0.125000 0.4 300 1.060000 0.113333
1.163333 5000 0.125000 0.5 300 1.076667 0.133333
1.103333 5000 0.125000 0.6 300 1.046667 0.086667
1.083333 5000 0.125000 0.7 300 1.046667 0.086667
1.083333 5000 0.125000 0.8 300 1.046667 0.073333
867.613333 5000 0.500000 0.0 300 201.053333 1.973333
5.253333 5000 0.500000 0.1 300 2.163333 0.843333
2.493333 5000 0.500000 0.2 300 1.470000 0.403333
1.893333 5000 0.500000 0.3 300 1.250000 0.300000
1.776667 5000 0.500000 0.4 300 1.296667 0.360000
1.423333 5000 0.500000 0.5 300 1.180000 0.253333
1.380000 5000 0.500000 0.6 300 1.170000 0.223333
1.280000 5000 0.500000 0.7 300 1.113333 0.146667
1.213333 5000 0.500000 0.8 300 1.106667 0.153333
3681.653333 5000 2.000000 0.0 300 1421.393333 1.653333
1366.530000 5000 2.000000 0.1 300 360.856667 2.936667
206.136667 5000 2.000000 0.2 300 33.176667 2.163333
14.030000 5000 2.000000 0.3 300 4.263333 1.030000
5.463333 5000 2.000000 0.4 300 2.536667 0.673333
2.916667 5000 2.000000 0.5 300 1.606667 0.426667
2.316667 5000 2.000000 0.6 300 1.540000 0.423333
1.846667 5000 2.000000 0.7 300 1.400000 0.310000
1.573333 5000 2.000000 0.8 300 1.260000 0.270000
4765.953333 5000 8.000000 0.0 300 2193.190000 1.193333
2973.980000 5000 8.000000 0.1 300 1300.900000 1.566667
1473.960000 5000 8.000000 0.2 300 599.426667 1.560000
459.736667 5000 8.000000 0.3 300 143.606667 1.450000
44.206667 5000 8.000000 0.4 300 13.043333 0.886667
7.256667 5000 8.000000 0.5 300 3.756667 0.580000
3.426667 5000 8.000000 0.6 300 2.096667 0.463333
2.403333 5000 8.000000 0.7 300 1.626667 0.400000
1.920000 5000 8.000000 0.8 300 1.420000 0.270000
4913.200000 5000 32.000000 0.0 300 2476.406667 1.030000
3262.500000 5000 32.000000 0.1 300 1617.710000 0.990000
1886.953333 5000 32.000000 0.2 300 890.870000 1.000000
832.720000 5000 32.000000 0.3 300 378.166667 0.956667
126.510000 5000 32.000000 0.4 300 51.253333 0.760000
11.976667 5000 32.000000 0.5 300 5.723333 0.526667
4.003333 5000 32.000000 0.6 300 2.330000 0.410000
3.170000 5000 32.000000 0.7 300 2.053333 0.400000
2.166667 5000 32.000000 0.8 300 1.620000 0.323333
6.976667 10000 0.125000 0.0 300 2.076667 0.360000
1.356667 10000 0.125000 0.1 300 1.136667 0.203333
1.310000 10000 0.125000 0.2 300 1.133333 0.206667
1.226667 10000 0.125000 0.3 300 1.113333 0.170000
1.160000 10000 0.125000 0.4 300 1.056667 0.096667
1.126667 10000 0.125000 0.5 300 1.046667 0.070000
1.090000 10000 0.125000 0.6 300 1.036667 0.066667
1.076667 10000 0.125000 0.7 300 1.036667 0.066667
1.070000 10000 0.125000 0.8 300 1.036667 0.053333
2023.656667 10000 0.500000 0.0 300 479.680000 2.136667
6.230000 10000 0.500000 0.1 300 2.360000 0.816667
2.416667 10000 0.500000 0.2 300 1.436667 0.443333
1.783333 10000 0.500000 0.3 300 1.296667 0.356667
1.673333 10000 0.500000 0.4 300 1.243333 0.283333
1.470000 10000 0.500000 0.5 300 1.196667 0.250000
1.386667 10000 0.500000 0.6 300 1.173333 0.216667
1.323333 10000 0.500000 0.7 300 1.150000 0.200000
1.306667 10000 0.500000 0.8 300 1.136667 0.193333
7545.940000 10000 2.000000 0.0 300 3022.056667 1.710000
2850.143333 10000 2.000000 0.1 300 732.453333 3.280000
509.613333 10000 2.000000 0.2 300 71.113333 3.060000
17.206667 10000 2.000000 0.3 300 4.563333 0.960000
4.620000 10000 2.000000 0.4 300 2.293333 0.586667
2.833333 10000 2.000000 0.5 300 1.700000 0.503333
2.353333 10000 2.000000 0.6 300 1.583333 0.443333
1.783333 10000 2.000000 0.7 300 1.313333 0.293333
1.593333 10000 2.000000 0.8 300 1.273333 0.273333
9334.666667 10000 8.000000 0.0 300 4396.293333 1.196667
5669.430000 10000 8.000000 0.1 300 2493.860000 1.516667
3099.130000 10000 8.000000 0.2 300 1239.583333 1.816667
965.293333 10000 8.000000 0.3 300 311.853333 1.653333
44.440000 10000 8.000000 0.4 300 14.390000 0.820000
7.743333 10000 8.000000 0.5 300 3.766667 0.510000
3.696667 10000 8.000000 0.6 300 2.306667 0.443333
2.333333 10000 8.000000 0.7 300 1.586667 0.336667
1.826667 10000 8.000000 0.8 300 1.383333 0.253333
9827.650000 10000 32.000000 0.0 300 4694.930000 1.023333
6617.156667 10000 32.000000 0.1 300 3215.216667 1.083333
3822.626667 10000 32.000000 0.2 300 1884.560000 0.960000
1639.223333 10000 32.000000 0.3 300 705.253333 1.050000
335.343333 10000 32.000000 0.4 300 136.693333 0.866667
11.890000 10000 32.000000 0.5 300 6.236667 0.546667
4.616667 10000 32.000000 0.6 300 2.826667 0.400000
2.943333 10000 32.000000 0.7 300 1.896667 0.370000
2.163333 10000 32.000000 0.8 300 1.563333 0.236667
