1.170000 625 0.031250 0.0 300 1.066667 0.116667
1.083333 625 0.031250 0.1 300 1.043333 0.076667
1.070000 625 0.031250 0.2 300 1.036667 0.073333
1.050000 625 0.031250 0.3 300 1.036667 0.066667
1.046667 625 0.031250 0.4 300 1.016667 0.033333
1.063333 625 0.031250 0.5 300 1.026667 0.040000
1.063333 625 0.031250 0.6 300 1.036667 0.056667
1.040000 625 0.031250 0.7 300 1.026667 0.050000
1.043333 625 0.031250 0.8 300 1.023333 0.046667
1.400000 625 0.062500 0.0 300 1.156667 0.206667
1.120000 625 0.062500 0.1 300 1.053333 0.060000
1.106667 625 0.062500 0.2 300 1.043333 0.086667
1.140000 625 0.062500 0.3 300 1.060000 0.113333
1.103333 625 0.062500 0.4 300 1.033333 0.060000
1.103333 625 0.062500 0.5 300 1.040000 0.073333
1.100000 625 0.062500 0.6 300 1.050000 0.096667
1.053333 625 0.062500 0.7 300 1.030000 0.056667
1.080000 625 0.062500 0.8 300 1.030000 0.053333
16.970000 625 0.250000 0.0 300 4.276667 0.943333
3.136667 625 0.250000 0.1 300 1.653333 0.450000
2.250000 625 0.250000 0.2 300 1.406667 0.353333
2.020000 625 0.250000 0.3 300 1.366667 0.373333
1.660000 625 0.250000 0.4 300 1.196667 0.253333
1.640000 625 0.250000 0.5 300 1.226667 0.253333
1.486667 625 0.250000 0.6 300 1.183333 0.233333
1.443333 625 0.250000 0.7 300 1.166667 0.233333
1.346667 625 0.250000 0.8 300 1.136667 0.160000
314.420000 625 1.000000 0.0 300 104.213333 1.960000
131.403333 625 1.000000 0.1 300 34.870000 2.236667
66.976667 625 1.000000 0.2 300 16.640000 1.690000
30.860000 625 1.000000 0.3 300 7.813333 1.270000
14.120000 625 1.000000 0.4 300 4.310000 1.023333
8.233333 625 1.000000 0.5 300 2.836667 0.843333
4.733333 625 1.000000 0.6 300 2.160000 0.660000
4.060000 625 1.000000 0.7 300 1.960000 0.536667
3.270000 625 1.000000 0.8 300 1.830000 0.573333
555.066667 625 4.000000 0.0 300 247.013333 1.320000
373.463333 625 4.000000 0.1 300 156.823333 1.356667
291.306667 625 4.000000 0.2 300 108.910000 1.540000
197.526667 625 4.000000 0.3 300 75.916667 1.423333
126.293333 625 4.000000 0.4 300 44.863333 1.280000
85.050000 625 4.000000 0.5 300 29.800000 1.376667
46.746667 625 4.000000 0.6 300 16.596667 1.056667
22.350000 625 4.000000 0.7 300 8.146667 0.843333
13.240000 625 4.000000 0.8 300 4.760000 0.686667
605.170000 625 16.000000 0.0 300 297.956667 1.083333
462.056667 625 16.000000 0.1 300 228.343333 1.073333
376.036667 625 16.000000 0.2 300 186.560000 1.066667
297.353333 625 16.000000 0.3 300 142.033333 1.060000
205.736667 625 16.000000 0.4 300 95.363333 0.986667
146.896667 625 16.000000 0.5 300 67.796667 0.923333
101.596667 625 16.000000 0.6 300 47.033333 0.900000
58.766667 625 16.000000 0.7 300 27.050000 0.743333
30.340000 625 16.000000 0.8 300 13.553333 0.606667
1.173333 1250 0.031250 0.0 300 1.080000 0.150000
1.143333 1250 0.031250 0.1 300 1.073333 0.140000
1.053333 1250 0.031250 0.2 300 1.026667 0.053333
1.076667 1250 0.031250 0.3 300 1.030000 0.056667
1.030000 1250 0.031250 0.4 300 1.013333 0.026667
1.026667 1250 0.031250 0.5 300 1.006667 0.013333
1.033333 1250 0.031250 0.6 300 1.013333 0.023333
1.053333 1250 0.031250 0.7 300 1.036667 0.070000
1.020000 1250 0.031250 0.8 300 1.006667 0.013333
1.503333 1250 0.062500 0.0 300 1.183333 0.223333
1.210000 1250 0.062500 0.1 300 1.086667 0.156667
1.153333 1250 0.062500 0.2 300 1.076667 0.120000
1.113333 1250 0.062500 0.3 300 1.033333 0.053333
1.120000 1250 0.062500 0.4 300 1.036667 0.063333
1.133333 1250 0.062500 0.5 300 1.053333 0.103333
1.116667 1250 0.062500 0.6 300 1.046667 0.083333
1.063333 1250 0.062500 0.7 300 1.030000 0.056667
1.066667 1250 0.062500 0.8 300 1.026667 0.046667
34.233333 1250 0.250000 0.0 300 7.250000 1.150000
3.700000 1250 0.250000 0.1 300 1.666667 0.536667
2.226667 1250 0.250000 0.2 300 1.350000 0.406667
1.903333 1250 0.250000 0.3 300 1.280000 0.323333
1.606667 1250 0.250000 0.4 300 1.230000 0.226667
1.416667 1250 0.250000 0.5 300 1.183333 0.256667
1.366667 1250 0.250000 0.6 300 1.150000 0.240000
1.356667 1250 0.250000 0.7 300 1.133333 0.200000
1.400000 1250 0.250000 0.8 300 1.120000 0.140000
671.333333 1250 1.000000 0.0 300 220.920000 2.083333
240.976667 1250 1.000000 0.1 300 57.840000 2.223333
148.153333 1250 1.000000 0.2 300 32.813333 2.106667
50.040000 1250 1.000000 0.3 300 10.763333 1.430000
22.403333 1250 1.000000 0.4 300 5.713333 1.100000
9.776667 1250 1.000000 0.5 300 3.036667 0.676667
6.530000 1250 1.000000 0.6 300 2.553333 0.683333
3.700000 1250 1.000000 0.7 300 1.803333 0.540000
3.060000 1250 1.000000 0.8 300 1.663333 0.490000
1109.553333 1250 4.000000 0.0 300 504.700000 1.336667
719.173333 1250 4.000000 0.1 300 292.536667 1.410000
579.643333 1250 4.000000 0.2 300 229.890000 1.620000
374.713333 1250 4.000000 0.3 300 145.383333 1.593333
261.436667 1250 4.000000 0.4 300 91.290000 1.403333
152.800000 1250 4.000000 0.5 300 52.643333 1.413333
92.393333 1250 4.000000 0.6 300 30.633333 1.416667
33.823333 1250 4.000000 0.7 300 10.866667 1.000000
22.860000 1250 4.000000 0.8 300 7.810000 0.933333
1235.240000 1250 16.000000 0.0 300 622.160000 1.123333
970.770000 1250 16.000000 0.1 300 448.766667 1.113333
745.820000 1250 16.000000 0.2 300 351.280000 1.083333
569.286667 1250 16.000000 0.3 300 265.560000 1.013333
414.006667 1250 16.000000 0.4 300 196.253333 1.040000
299.040000 1250 16.000000 0.5 300 135.200000 0.950000
189.513333 1250 16.000000 0.6 300 85.363333 0.946667
123.700000 1250 16.000000 0.7 300 53.613333 0.880000
71.520000 1250 16.000000 0.8 300 31.746667 0.813333
1.126667 2500 0.031250 0.0 300 1.043333 0.076667
1.053333 2500 0.031250 0.1 300 1.023333 0.040000
1.070000 2500 0.031250 0.2 300 1.043333 0.083333
1.103333 2500 0.031250 0.3 300 1.046667 0.086667
1.063333 2500 0.031250 0.4 300 1.033333 0.070000
1.053333 2500 0.031250 0.5 300 1.030000 0.050000
1.043333 2500 0.031250 0.6 300 1.016667 0.033333
1.060000 2500 0.031250 0.7 300 1.033333 0.066667
1.030000 2500 0.031250 0.8 300 1.020000 0.036667
1.340000 2500 0.062500 0.0 300 1.116667 0.136667
1.210000 2500 0.062500 0.1 300 1.100000 0.166667
1.123333 2500 0.062500 0.2 300 1.046667 0.086667
1.180000 2500 0.062500 0.3 300 1.066667 0.113333
1.080000 2500 0.062500 0.4 300 1.033333 0.056667
1.080000 2500 0.062500 0.5 300 1.030000 0.060000
1.100000 2500 0.062500 0.6 300 1.033333 0.050000
1.106667 2500 0.062500 0.7 300 1.040000 0.073333
1.050000 2500 0.062500 0.8 300 1.013333 0.026667
63.980000 2500 0.250000 0.0 300 11.853333 1.336667
3.743333 2500 0.250000 0.1 300 1.650000 0.486667
2.190000 2500 0.250000 0.2 300 1.366667 0.303333
2.226667 2500 0.250000 0.3 300 1.340000 0.366667
1.736667 2500 0.250000 0.4 300 1.260000 0.333333
1.533333 2500 0.250000 0.5 300 1.206667 0.223333
1.413333 2500 0.250000 0.6 300 1.190000 0.253333
1.273333 2500 0.250000 0.7 300 1.116667 0.170000
1.266667 2500 0.250000 0.8 300 1.100000 0.143333
1203.480000 2500 1.000000 0.0 300 390.133333 1.970000
480.236667 2500 1.000000 0.1 300 114.620000 2.246667
225.443333 2500 1.000000 0.2 300 43.036667 2.166667
86.090000 2500 1.000000 0.3 300 15.140000 1.620000
27.980000 2500 1.000000 0.4 300 5.876667 1.173333
12.696667 2500 1.000000 0.5 300 3.600000 0.870000
8.396667 2500 1.000000 0.6 300 2.996667 0.760000
3.786667 2500 1.000000 0.7 300 1.906667 0.580000
3.333333 2500 1.000000 0.8 300 1.696667 0.550000
2194.676667 2500 4.000000 0.0 300 967.620000 1.380000
1460.250000 2500 4.000000 0.1 300 613.466667 1.430000
1035.780000 2500 4.000000 0.2 300 412.140000 1.530000
822.856667 2500 4.000000 0.3 300 314.126667 1.676667
533.903333 2500 4.000000 0.4 300 198.243333 1.606667
307.983333 2500 4.000000 0.5 300 99.470000 1.610000
153.693333 2500 4.000000 0.6 300 43.946667 1.326667
79.723333 2500 4.000000 0.7 300 21.733333 1.210000
36.160000 2500 4.000000 0.8 300 10.086667 0.986667
2412.443333 2500 16.000000 0.0 300 1129.523333 1.100000
1865.833333 2500 16.000000 0.1 300 852.500000 1.076667
1414.633333 2500 16.000000 0.2 300 675.026667 1.086667
1103.873333 2500 16.000000 0.3 300 530.756667 1.050000
790.343333 2500 16.000000 0.4 300 360.623333 0.983333
600.253333 2500 16.000000 0.5 300 303.536667 1.016667
377.170000 2500 16.000000 0.6 300 170.093333 0.990000
237.850000 2500 16.000000 0.7 300 103.596667 0.926667
129.496667 2500 16.000000 0.8 300 53.146667 0.896667
1.206667 5000 0.031250 0.0 300 1.043333 0.060000
1.143333 5000 0.031250 0.1 300 1.070000 0.113333
1.093333 5000 0.031250 0.2 300 1.053333 0.103333
1.090000 5000 0.031250 0.3 300 1.026667 0.053333
1.063333 5000 0.031250 0.4 300 1.033333 0.053333
1.080000 5000 0.031250 0.5 300 1.026667 0.050000
1.026667 5000 0.031250 0.6 300 1.016667 0.033333
1.030000 5000 0.031250 0.7 300 1.016667 0.033333
1.036667 5000 0.031250 0.8 300 1.020000 0.033333
1.633333 5000 0.062500 0.0 300 1.220000 0.210000
1.176667 5000 0.062500 0.1 300 1.073333 0.106667
1.133333 5000 0.062500 0.2 300 1.063333 0.106667
1.136667 5000 0.062500 0.3 300 1.066667 0.096667
1.126667 5000 0.062500 0.4 300 1.040000 0.070000
1.113333 5000 0.062500 0.5 300 1.046667 0.076667
1.143333 5000 0.062500 0.6 300 1.070000 0.120000
1.090000 5000 0.062500 0.7 300 1.053333 0.080000
1.090000 5000 0.062500 0.8 300 1.040000 0.050000
122.856667 5000 0.250000 0.0 300 19.690000 1.506667
3.326667 5000 0.250000 0.1 300 1.600000 0.430000
2.120000 5000 0.250000 0.2 300 1.443333 0.356667
1.970000 5000 0.250000 0.3 300 1.360000 0.336667
1.713333 5000 0.250000 0.4 300 1.226667 0.276667
1.763333 5000 0.250000 0.5 300 1.260000 0.336667
1.326667 5000 0.250000 0.6 300 1.123333 0.160000
1.416667 5000 0.250000 0.7 300 1.133333 0.190000
1.270000 5000 0.250000 0.8 300 1.133333 0.196667
2578.503333 5000 1.000000 0.0 300 856.896667 2.043333
966.583333 5000 1.000000 0.1 300 224.476667 2.413333
459.143333 5000 1.000000 0.2 300 82.573333 2.630000
196.193333 5000 1.000000 0.3 300 29.810000 2.163333
29.383333 5000 1.000000 0.4 300 5.966667 1.080000
14.246667 5000 1.000000 0.5 300 3.706667 0.930000
6.330000 5000 1.000000 0.6 300 2.363333 0.713333
4.980000 5000 1.000000 0.7 300 2.273333 0.610000
3.873333 5000 1.000000 0.8 300 1.920000 0.456667
4501.820000 5000 4.000000 0.0 300 1968.526667 1.410000
2766.310000 5000 4.000000 0.1 300 1105.063333 1.453333
2179.883333 5000 4.000000 0.2 300 888.543333 1.650000
1582.393333 5000 4.000000 0.3 300 595.910000 1.756667
1028.216667 5000 4.000000 0.4 300 357.656667 1.583333
568.436667 5000 4.000000 0.5 300 173.020000 1.470000
357.096667 5000 4.000000 0.6 300 99.163333 1.696667
145.933333 5000 4.000000 0.7 300 36.433333 1.246667
44.076667 5000 4.000000 0.8 300 11.126667 0.870000
4874.373333 5000 16.000000 0.0 300 2355.573333 1.136667
3853.503333 5000 16.000000 0.1 300 1887.503333 1.193333
2919.033333 5000 16.000000 0.2 300 1381.766667 1.133333
2301.933333 5000 16.000000 0.3 300 1078.336667 1.073333
1676.120000 5000 16.000000 0.4 300 726.220000 1.083333
1178.520000 5000 16.000000 0.5 300 563.243333 1.000000
743.656667 5000 16.000000 0.6 300 333.396667 0.916667
467.883333 5000 16.000000 0.7 300 185.506667 0.956667
219.063333 5000 16.000000 0.8 300 88.550000 0.813333
1.200000 10000 0.031250 0.0 300 1.090000 0.103333
1.116667 10000 0.031250 0.1 300 1.043333 0.080000
1.096667 10000 0.031250 0.2 300 1.026667 0.056667
1.080000 10000 0.031250 0.3 300 1.023333 0.050000
1.046667 10000 0.031250 0.4 300 1.006667 0.013333
1.043333 10000 0.031250 0.5 300 1.020000 0.040000
1.060000 10000 0.031250 0.6 300 1.020000 0.040000
1.046667 10000 0.031250 0.7 300 1.016667 0.033333
1.046667 10000 0.031250 0.8 300 1.030000 0.056667
1.843333 10000 0.062500 0.0 300 1.273333 0.230000
1.226667 10000 0.062500 0.1 300 1.113333 0.176667
1.216667 10000 0.062500 0.2 300 1.100000 0.160000
1.193333 10000 0.062500 0.3 300 1.070000 0.113333
1.156667 10000 0.062500 0.4 300 1.043333 0.076667
1.110000 10000 0.062500 0.5 300 1.043333 0.066667
1.130000 10000 0.062500 0.6 300 1.080000 0.130000
1.106667 10000 0.062500 0.7 300 1.043333 0.093333
1.060000 10000 0.062500 0.8 300 1.036667 0.066667
221.886667 10000 0.250000 0.0 300 33.573333 1.313333
2.906667 10000 0.250000 0.1 300 1.580000 0.440000
2.526667 10000 0.250000 0.2 300 1.443333 0.456667
2.013333 10000 0.250000 0.3 300 1.333333 0.373333
1.810000 10000 0.250000 0.4 300 1.236667 0.280000
1.620000 10000 0.250000 0.5 300 1.203333 0.243333
1.506667 10000 0.250000 0.6 300 1.206667 0.290000
1.406667 10000 0.250000 0.7 300 1.170000 0.243333
1.356667 10000 0.250000 0.8 300 1.150000 0.166667
4857.513333 10000 1.000000 0.0 300 1589.206667 2.000000
1886.486667 10000 1.000000 0.1 300 431.676667 2.606667
837.986667 10000 1.000000 0.2 300 149.056667 2.306667
316.253333 10000 1.000000 0.3 300 41.850000 2.443333
80.286667 10000 1.000000 0.4 300 11.173333 1.496667
22.373333 10000 1.000000 0.5 300 4.543333 0.910000
7.056667 10000 1.000000 0.6 300 2.480000 0.730000
4.583333 10000 1.000000 0.7 300 2.083333 0.700000
3.290000 10000 1.000000 0.8 300 1.683333 0.470000
8975.886667 10000 4.000000 0.0 300 4046.390000 1.446667
6023.400000 10000 4.000000 0.1 300 2372.500000 1.683333
4295.990000 10000 4.000000 0.2 300 1750.313333 1.660000
3219.733333 10000 4.000000 0.3 300 1206.433333 1.756667
2075.560000 10000 4.000000 0.4 300 706.403333 1.783333
1303.003333 10000 4.000000 0.5 300 413.026667 1.700000
763.593333 10000 4.000000 0.6 300 204.013333 1.963333
321.473333 10000 4.000000 0.7 300 70.900000 1.800000
76.286667 10000 4.000000 0.8 300 19.710000 1.096667
9648.720000 10000 16.000000 0.0 300 5169.153333 1.110000
7418.923333 10000 16.000000 0.1 300 3497.573333 1.110000
5923.156667 10000 16.000000 0.2 300 2727.323333 1.110000
4748.003333 10000 16.000000 0.3 300 2146.863333 1.143333
3476.310000 10000 16.000000 0.4 300 1624.813333 1.093333
2493.126667 10000 16.000000 0.5 300 1146.096667 1.106667
1552.476667 10000 16.000000 0.6 300 644.583333 0.986667
923.710000 10000 16.000000 0.7 300 389.356667 1.050000
444.326667 10000 16.000000 0.8 300 178.280000 0.923333
