1.180000 625 0.031250 0.0 300 1.073333 0.103333
1.130000 625 0.031250 0.1 300 1.063333 0.110000
1.110000 625 0.031250 0.2 300 1.040000 0.066667
1.123333 625 0.031250 0.3 300 1.056667 0.106667
1.126667 625 0.031250 0.4 300 1.043333 0.066667
1.063333 625 0.031250 0.5 300 1.026667 0.036667
1.036667 625 0.031250 0.6 300 1.023333 0.046667
1.043333 625 0.031250 0.7 300 1.026667 0.053333
1.026667 625 0.031250 0.8 300 1.016667 0.040000
1.413333 625 0.062500 0.0 300 1.150000 0.186667
1.443333 625 0.062500 0.1 300 1.160000 0.233333
1.353333 625 0.062500 0.2 300 1.156667 0.223333
1.326667 625 0.062500 0.3 300 1.106667 0.180000
1.203333 625 0.062500 0.4 300 1.070000 0.096667
1.100000 625 0.062500 0.5 300 1.036667 0.056667
1.163333 625 0.062500 0.6 300 1.063333 0.103333
1.086667 625 0.062500 0.7 300 1.036667 0.070000
1.073333 625 0.062500 0.8 300 1.036667 0.070000
15.280000 625 0.250000 0.0 300 4.156667 0.876667
7.863333 625 0.250000 0.1 300 2.680000 0.696667
9.416667 625 0.250000 0.2 300 3.116667 0.903333
4.260000 625 0.250000 0.3 300 1.940000 0.500000
3.466667 625 0.250000 0.4 300 1.703333 0.443333
2.013333 625 0.250000 0.5 300 1.353333 0.310000
1.643333 625 0.250000 0.6 300 1.263333 0.323333
1.513333 625 0.250000 0.7 300 1.196667 0.266667
1.200000 625 0.250000 0.8 300 1.093333 0.143333
330.300000 625 1.000000 0.0 300 109.310000 2.023333
233.640000 625 1.000000 0.1 300 71.226667 1.900000
172.426667 625 1.000000 0.2 300 51.606667 1.840000
110.566667 625 1.000000 0.3 300 32.140000 1.750000
55.193333 625 1.000000 0.4 300 16.246667 1.443333
26.686667 625 1.000000 0.5 300 8.190000 1.030000
10.130000 625 1.000000 0.6 300 3.703333 0.686667
4.393333 625 1.000000 0.7 300 2.173333 0.553333
1.886667 625 1.000000 0.8 300 1.303333 0.216667
560.336667 625 4.000000 0.0 300 262.250000 1.420000
458.993333 625 4.000000 0.1 300 203.456667 1.350000
371.353333 625 4.000000 0.2 300 160.473333 1.386667
291.120000 625 4.000000 0.3 300 129.360000 1.326667
207.850000 625 4.000000 0.4 300 88.726667 1.400000
108.670000 625 4.000000 0.5 300 43.806667 1.166667
55.226667 625 4.000000 0.6 300 21.656667 1.026667
18.553333 625 4.000000 0.7 300 7.606667 0.756667
5.256667 625 4.000000 0.8 300 2.903333 0.426667
609.390000 625 16.000000 0.0 300 296.263333 1.123333
546.130000 625 16.000000 0.1 300 278.326667 1.130000
456.283333 625 16.000000 0.2 300 214.526667 1.070000
358.573333 625 16.000000 0.3 300 168.836667 1.046667
259.600000 625 16.000000 0.4 300 121.100000 1.033333
171.236667 625 16.000000 0.5 300 79.840000 0.923333
89.116667 625 16.000000 0.6 300 40.366667 0.863333
30.506667 625 16.000000 0.7 300 14.716667 0.683333
7.443333 625 16.000000 0.8 300 3.713333 0.416667
1.136667 1250 0.031250 0.0 300 1.056667 0.100000
1.140000 1250 0.031250 0.1 300 1.050000 0.093333
1.163333 1250 0.031250 0.2 300 1.050000 0.086667
1.123333 1250 0.031250 0.3 300 1.053333 0.096667
1.133333 1250 0.031250 0.4 300 1.053333 0.090000
1.066667 1250 0.031250 0.5 300 1.030000 0.053333
1.086667 1250 0.031250 0.6 300 1.046667 0.080000
1.063333 1250 0.031250 0.7 300 1.033333 0.060000
1.026667 1250 0.031250 0.8 300 1.010000 0.020000
1.386667 1250 0.062500 0.0 300 1.140000 0.173333
1.583333 1250 0.062500 0.1 300 1.186667 0.203333
1.526667 1250 0.062500 0.2 300 1.153333 0.190000
1.333333 1250 0.062500 0.3 300 1.140000 0.196667
1.296667 1250 0.062500 0.4 300 1.123333 0.163333
1.170000 1250 0.062500 0.5 300 1.070000 0.113333
1.156667 1250 0.062500 0.6 300 1.066667 0.116667
1.113333 1250 0.062500 0.7 300 1.033333 0.043333
1.036667 1250 0.062500 0.8 300 1.020000 0.033333
33.590000 1250 0.250000 0.0 300 7.296667 1.380000
16.070000 1250 0.250000 0.1 300 4.190000 0.813333
8.416667 1250 0.250000 0.2 300 2.683333 0.726667
4.546667 1250 0.250000 0.3 300 1.986667 0.533333
5.470000 1250 0.250000 0.4 300 2.110000 0.553333
2.803333 1250 0.250000 0.5 300 1.590000 0.383333
1.890000 1250 0.250000 0.6 300 1.270000 0.256667
1.930000 1250 0.250000 0.7 300 1.310000 0.300000
1.233333 1250 0.250000 0.8 300 1.103333 0.140000
591.303333 1250 1.000000 0.0 300 188.576667 1.780000
414.633333 1250 1.000000 0.1 300 131.003333 1.636667
308.613333 1250 1.000000 0.2 300 90.916667 1.706667
181.270000 1250 1.000000 0.3 300 51.163333 1.500000
115.463333 1250 1.000000 0.4 300 33.026667 1.683333
53.716667 1250 1.000000 0.5 300 15.216667 1.283333
12.896667 1250 1.000000 0.6 300 4.103333 0.653333
5.230000 1250 1.000000 0.7 300 2.343333 0.440000
2.323333 1250 1.000000 0.8 300 1.520000 0.340000
1117.850000 1250 4.000000 0.0 300 513.890000 1.386667
935.403333 1250 4.000000 0.1 300 413.516667 1.343333
749.826667 1250 4.000000 0.2 300 337.516667 1.390000
546.500000 1250 4.000000 0.3 300 230.516667 1.313333
395.863333 1250 4.000000 0.4 300 170.653333 1.373333
231.203333 1250 4.000000 0.5 300 97.673333 1.273333
111.916667 1250 4.000000 0.6 300 43.186667 1.036667
33.093333 1250 4.000000 0.7 300 12.816667 0.700000
7.786667 1250 4.000000 0.8 300 3.543333 0.460000
1218.560000 1250 16.000000 0.0 300 615.990000 1.116667
1065.606667 1250 16.000000 0.1 300 527.340000 1.083333
909.736667 1250 16.000000 0.2 300 418.216667 1.086667
727.023333 1250 16.000000 0.3 300 343.063333 1.046667
535.746667 1250 16.000000 0.4 300 253.933333 1.083333
331.273333 1250 16.000000 0.5 300 151.590000 0.943333
167.496667 1250 16.000000 0.6 300 81.116667 0.833333
58.383333 1250 16.000000 0.7 300 27.786667 0.703333
10.193333 1250 16.000000 0.8 300 4.903333 0.396667
1.186667 2500 0.031250 0.0 300 1.086667 0.116667
1.126667 2500 0.031250 0.1 300 1.056667 0.096667
1.153333 2500 0.031250 0.2 300 1.040000 0.053333
1.110000 2500 0.031250 0.3 300 1.070000 0.113333
1.053333 2500 0.031250 0.4 300 1.026667 0.046667
1.036667 2500 0.031250 0.5 300 1.023333 0.046667
1.033333 2500 0.031250 0.6 300 1.020000 0.040000
1.043333 2500 0.031250 0.7 300 1.030000 0.056667
1.020000 2500 0.031250 0.8 300 1.013333 0.026667
1.536667 2500 0.062500 0.0 300 1.183333 0.143333
1.380000 2500 0.062500 0.1 300 1.126667 0.150000
1.350000 2500 0.062500 0.2 300 1.136667 0.196667
1.220000 2500 0.062500 0.3 300 1.103333 0.153333
1.196667 2500 0.062500 0.4 300 1.080000 0.096667
1.146667 2500 0.062500 0.5 300 1.063333 0.083333
1.103333 2500 0.062500 0.6 300 1.046667 0.086667
1.090000 2500 0.062500 0.7 300 1.036667 0.073333
1.043333 2500 0.062500 0.8 300 1.030000 0.050000
61.080000 2500 0.250000 0.0 300 11.060000 1.203333
40.786667 2500 0.250000 0.1 300 8.440000 1.173333
18.830000 2500 0.250000 0.2 300 4.560000 0.833333
9.810000 2500 0.250000 0.3 300 3.046667 0.616667
3.180000 2500 0.250000 0.4 300 1.640000 0.406667
2.613333 2500 0.250000 0.5 300 1.453333 0.273333
2.250000 2500 0.250000 0.6 300 1.406667 0.250000
1.406667 2500 0.250000 0.7 300 1.123333 0.153333
1.150000 2500 0.250000 0.8 300 1.053333 0.083333
1220.003333 2500 1.000000 0.0 300 403.016667 1.976667
950.536667 2500 1.000000 0.1 300 295.640000 2.030000
685.416667 2500 1.000000 0.2 300 205.953333 2.106667
458.173333 2500 1.000000 0.3 300 130.940000 1.893333
225.760000 2500 1.000000 0.4 300 60.756667 1.723333
99.726667 2500 1.000000 0.5 300 25.700000 1.300000
28.433333 2500 1.000000 0.6 300 7.996667 0.823333
8.083333 2500 1.000000 0.7 300 3.176667 0.500000
2.236667 2500 1.000000 0.8 300 1.380000 0.263333
2185.833333 2500 4.000000 0.0 300 1019.133333 1.340000
1810.633333 2500 4.000000 0.1 300 762.556667 1.326667
1543.203333 2500 4.000000 0.2 300 698.593333 1.440000
1107.543333 2500 4.000000 0.3 300 471.860000 1.253333
794.973333 2500 4.000000 0.4 300 324.723333 1.383333
477.660000 2500 4.000000 0.5 300 192.753333 1.276667
199.270000 2500 4.000000 0.6 300 77.440000 1.040000
54.446667 2500 4.000000 0.7 300 22.253333 0.696667
9.393333 2500 4.000000 0.8 300 3.603333 0.456667
2445.623333 2500 16.000000 0.0 300 1209.400000 1.103333
2166.673333 2500 16.000000 0.1 300 1057.780000 1.080000
1800.503333 2500 16.000000 0.2 300 855.606667 1.133333
1413.330000 2500 16.000000 0.3 300 720.436667 1.090000
1098.743333 2500 16.000000 0.4 300 540.860000 1.113333
702.693333 2500 16.000000 0.5 300 328.620000 1.000000
351.973333 2500 16.000000 0.6 300 165.303333 0.853333
111.366667 2500 16.000000 0.7 300 52.990000 0.666667
15.236667 2500 16.000000 0.8 300 8.000000 0.393333
1.140000 5000 0.031250 0.0 300 1.050000 0.090000
1.136667 5000 0.031250 0.1 300 1.060000 0.106667
1.066667 5000 0.031250 0.2 300 1.026667 0.050000
1.123333 5000 0.031250 0.3 300 1.040000 0.050000
1.073333 5000 0.031250 0.4 300 1.030000 0.046667
1.076667 5000 0.031250 0.5 300 1.030000 0.060000
1.063333 5000 0.031250 0.6 300 1.026667 0.050000
1.036667 5000 0.031250 0.7 300 1.013333 0.026667
1.033333 5000 0.031250 0.8 300 1.020000 0.036667
1.476667 5000 0.062500 0.0 300 1.170000 0.236667
1.460000 5000 0.062500 0.1 300 1.190000 0.270000
1.276667 5000 0.062500 0.2 300 1.106667 0.180000
1.316667 5000 0.062500 0.3 300 1.110000 0.176667
1.233333 5000 0.062500 0.4 300 1.110000 0.126667
1.100000 5000 0.062500 0.5 300 1.046667 0.090000
1.106667 5000 0.062500 0.6 300 1.050000 0.080000
1.063333 5000 0.062500 0.7 300 1.033333 0.070000
1.040000 5000 0.062500 0.8 300 1.023333 0.040000
137.913333 5000 0.250000 0.0 300 23.723333 1.276667
67.896667 5000 0.250000 0.1 300 11.253333 1.163333
28.706667 5000 0.250000 0.2 300 6.213333 0.843333
12.653333 5000 0.250000 0.3 300 3.240000 0.693333
7.356667 5000 0.250000 0.4 300 2.460000 0.500000
3.050000 5000 0.250000 0.5 300 1.540000 0.326667
2.183333 5000 0.250000 0.6 300 1.323333 0.276667
2.026667 5000 0.250000 0.7 300 1.363333 0.293333
1.270000 5000 0.250000 0.8 300 1.126667 0.146667
2633.246667 5000 1.000000 0.0 300 899.736667 2.236667
1959.460000 5000 1.000000 0.1 300 609.556667 2.030000
1179.393333 5000 1.000000 0.2 300 344.420000 1.800000
791.423333 5000 1.000000 0.3 300 218.393333 1.896667
428.570000 5000 1.000000 0.4 300 113.476667 1.446667
212.233333 5000 1.000000 0.5 300 51.990000 1.423333
58.630000 5000 1.000000 0.6 300 15.040000 0.880000
12.790000 5000 1.000000 0.7 300 4.300000 0.490000
2.316667 5000 1.000000 0.8 300 1.470000 0.356667
4437.270000 5000 4.000000 0.0 300 2087.036667 1.446667
3835.463333 5000 4.000000 0.1 300 1679.643333 1.576667
3051.580000 5000 4.000000 0.2 300 1299.356667 1.443333
2229.390000 5000 4.000000 0.3 300 933.213333 1.313333
1605.393333 5000 4.000000 0.4 300 685.786667 1.376667
911.616667 5000 4.000000 0.5 300 380.623333 1.330000
393.326667 5000 4.000000 0.6 300 145.666667 1.096667
90.246667 5000 4.000000 0.7 300 33.276667 0.793333
13.056667 5000 4.000000 0.8 300 4.770000 0.413333
4808.116667 5000 16.000000 0.0 300 2379.576667 1.106667
4246.043333 5000 16.000000 0.1 300 2127.260000 1.113333
3625.473333 5000 16.000000 0.2 300 1638.693333 1.110000
2821.683333 5000 16.000000 0.3 300 1428.046667 1.066667
2044.323333 5000 16.000000 0.4 300 988.073333 1.046667
1349.143333 5000 16.000000 0.5 300 639.820000 1.030000
711.820000 5000 16.000000 0.6 300 334.116667 0.910000
235.550000 5000 16.000000 0.7 300 103.330000 0.703333
30.950000 5000 16.000000 0.8 300 14.666667 0.493333
1.236667 10000 0.031250 0.0 300 1.080000 0.130000
1.173333 10000 0.031250 0.1 300 1.050000 0.070000
1.140000 10000 0.031250 0.2 300 1.056667 0.083333
1.120000 10000 0.031250 0.3 300 1.053333 0.093333
1.130000 10000 0.031250 0.4 300 1.063333 0.113333
1.070000 10000 0.031250 0.5 300 1.030000 0.050000
1.083333 10000 0.031250 0.6 300 1.043333 0.056667
1.030000 10000 0.031250 0.7 300 1.013333 0.026667
1.020000 10000 0.031250 0.8 300 1.006667 0.013333
1.586667 10000 0.062500 0.0 300 1.190000 0.193333
1.493333 10000 0.062500 0.1 300 1.160000 0.180000
1.340000 10000 0.062500 0.2 300 1.116667 0.136667
1.340000 10000 0.062500 0.3 300 1.146667 0.196667
1.176667 10000 0.062500 0.4 300 1.036667 0.060000
1.286667 10000 0.062500 0.5 300 1.093333 0.133333
1.160000 10000 0.062500 0.6 300 1.070000 0.106667
1.083333 10000 0.062500 0.7 300 1.040000 0.076667
1.043333 10000 0.062500 0.8 300 1.010000 0.020000
205.226667 10000 0.250000 0.0 300 29.903333 1.283333
158.240000 10000 0.250000 0.1 300 21.766667 1.343333
62.596667 10000 0.250000 0.2 300 11.586667 0.940000
28.093333 10000 0.250000 0.3 300 5.613333 0.693333
7.006667 10000 0.250000 0.4 300 2.313333 0.463333
5.120000 10000 0.250000 0.5 300 2.123333 0.376667
2.160000 10000 0.250000 0.6 300 1.383333 0.283333
1.733333 10000 0.250000 0.7 300 1.200000 0.206667
1.310000 10000 0.250000 0.8 300 1.106667 0.160000
5187.263333 10000 1.000000 0.0 300 1703.290000 2.133333
3345.130000 10000 1.000000 0.1 300 1054.400000 1.800000
2857.670000 10000 1.000000 0.2 300 851.593333 2.470000
1616.583333 10000 1.000000 0.3 300 453.693333 1.963333
786.996667 10000 1.000000 0.4 300 209.153333 1.583333
459.750000 10000 1.000000 0.5 300 110.970000 1.646667
106.056667 10000 1.000000 0.6 300 23.993333 0.973333
18.743333 10000 1.000000 0.7 300 5.136667 0.633333
2.596667 10000 1.000000 0.8 300 1.573333 0.300000
8681.530000 10000 4.000000 0.0 300 3985.343333 1.376667
7532.420000 10000 4.000000 0.1 300 3248.546667 1.446667
6097.926667 10000 4.000000 0.2 300 2597.726667 1.496667
4473.930000 10000 4.000000 0.3 300 1913.590000 1.353333
3195.140000 10000 4.000000 0.4 300 1310.263333 1.480000
1996.956667 10000 4.000000 0.5 300 862.650000 1.446667
852.640000 10000 4.000000 0.6 300 313.423333 1.230000
208.060000 10000 4.000000 0.7 300 72.530000 0.876667
27.840000 10000 4.000000 0.8 300 9.723333 0.526667
9649.390000 10000 16.000000 0.0 300 4612.890000 1.093333
8491.423333 10000 16.000000 0.1 300 4059.016667 1.126667
7400.110000 10000 16.000000 0.2 300 3528.660000 1.146667
5826.376667 10000 16.000000 0.3 300 2766.006667 1.093333
4161.170000 10000 16.000000 0.4 300 1930.190000 1.036667
2842.596667 10000 16.000000 0.5 300 1370.083333 1.103333
1276.980000 10000 16.000000 0.6 300 577.833333 0.873333
449.360000 10000 16.000000 0.7 300 210.813333 0.670000
45.313333 10000 16.000000 0.8 300 19.460000 0.460000
