3.610000 625 0.125000 0.0 300 1.710000 0.530000
1.400000 625 0.125000 0.1 300 1.160000 0.230000
1.226667 625 0.125000 0.2 300 1.096667 0.150000
1.180000 625 0.125000 0.3 300 1.093333 0.153333
1.133333 625 0.125000 0.4 300 1.066667 0.116667
1.046667 625 0.125000 0.5 300 1.020000 0.040000
1.040000 625 0.125000 0.6 300 1.016667 0.026667
1.020000 625 0.125000 0.7 300 1.003333 0.006667
1.020000 625 0.125000 0.8 300 1.006667 0.013333
64.300000 625 0.500000 0.0 300 18.146667 1.413333
6.250000 625 0.500000 0.1 300 2.663333 0.840000
2.196667 625 0.500000 0.2 300 1.373333 0.400000
1.643333 625 0.500000 0.3 300 1.260000 0.290000
1.300000 625 0.500000 0.4 300 1.193333 0.240000
1.143333 625 0.500000 0.5 300 1.073333 0.093333
1.130000 625 0.500000 0.6 300 1.060000 0.076667
1.006667 625 0.500000 0.7 300 1.003333 0.006667
1.016667 625 0.500000 0.8 300 1.010000 0.020000
426.336667 625 2.000000 0.0 300 172.613333 1.770000
29.620000 625 2.000000 0.1 300 10.826667 1.036667
5.220000 625 2.000000 0.2 300 2.623333 0.683333
2.536667 625 2.000000 0.3 300 1.646667 0.386667
1.740000 625 2.000000 0.4 300 1.303333 0.266667
1.366667 625 2.000000 0.5 300 1.136667 0.153333
1.230000 625 2.000000 0.6 300 1.106667 0.110000
1.116667 625 2.000000 0.7 300 1.053333 0.056667
1.016667 625 2.000000 0.8 300 1.006667 0.010000
574.243333 625 8.000000 0.0 300 276.776667 1.243333
72.313333 625 8.000000 0.1 300 31.603333 0.970000
7.370000 625 8.000000 0.2 300 3.963333 0.636667
3.183333 625 8.000000 0.3 300 1.993333 0.410000
1.990000 625 8.000000 0.4 300 1.500000 0.270000
1.603333 625 8.000000 0.5 300 1.320000 0.216667
1.343333 625 8.000000 0.6 300 1.153333 0.140000
1.096667 625 8.000000 0.7 300 1.043333 0.036667
1.050000 625 8.000000 0.8 300 1.030000 0.030000
618.213333 625 32.000000 0.0 300 309.690000 1.043333
70.020000 625 32.000000 0.1 300 33.020000 0.876667
9.973333 625 32.000000 0.2 300 5.633333 0.623333
3.576667 625 32.000000 0.3 300 2.233333 0.483333
2.146667 625 32.000000 0.4 300 1.570000 0.283333
1.633333 625 32.000000 0.5 300 1.316667 0.190000
1.253333 625 32.000000 0.6 300 1.120000 0.103333
1.123333 625 32.000000 0.7 300 1.050000 0.046667
1.046667 625 32.000000 0.8 300 1.026667 0.023333
3.673333 1250 0.125000 0.0 300 1.746667 0.513333
1.546667 1250 0.125000 0.1 300 1.176667 0.263333
1.273333 1250 0.125000 0.2 300 1.116667 0.183333
1.126667 1250 0.125000 0.3 300 1.060000 0.106667
1.083333 1250 0.125000 0.4 300 1.030000 0.056667
1.060000 1250 0.125000 0.5 300 1.033333 0.066667
1.013333 1250 0.125000 0.6 300 1.003333 0.006667
1.013333 1250 0.125000 0.7 300 1.010000 0.016667
1.010000 1250 0.125000 0.8 300 1.006667 0.013333
97.390000 1250 0.500000 0.0 300 24.683333 1.310000
5.483333 1250 0.500000 0.1 300 2.310000 0.613333
2.286667 1250 0.500000 0.2 300 1.443333 0.393333
1.690000 1250 0.500000 0.3 300 1.273333 0.323333
1.336667 1250 0.500000 0.4 300 1.130000 0.183333
1.170000 1250 0.500000 0.5 300 1.083333 0.113333
1.063333 1250 0.500000 0.6 300 1.020000 0.026667
1.043333 1250 0.500000 0.7 300 1.020000 0.030000
1.026667 1250 0.500000 0.8 300 1.006667 0.013333
791.376667 1250 2.000000 0.0 300 297.086667 1.720000
33.020000 1250 2.000000 0.1 300 13.040000 0.970000
4.880000 1250 2.000000 0.2 300 2.550000 0.680000
2.733333 1250 2.000000 0.3 300 1.660000 0.410000
1.970000 1250 2.000000 0.4 300 1.380000 0.300000
1.356667 1250 2.000000 0.5 300 1.203333 0.170000
1.200000 1250 2.000000 0.6 300 1.090000 0.083333
1.126667 1250 2.000000 0.7 300 1.070000 0.076667
1.030000 1250 2.000000 0.8 300 1.020000 0.020000
1185.463333 1250 8.000000 0.0 300 580.613333 1.270000
63.613333 1250 8.000000 0.1 300 31.653333 1.000000
6.306667 1250 8.000000 0.2 300 3.376667 0.643333
3.290000 1250 8.000000 0.3 300 2.003333 0.470000
2.223333 1250 8.000000 0.4 300 1.616667 0.353333
1.520000 1250 8.000000 0.5 300 1.246667 0.186667
1.223333 1250 8.000000 0.6 300 1.096667 0.103333
1.136667 1250 8.000000 0.7 300 1.080000 0.083333
1.033333 1250 8.000000 0.8 300 1.020000 0.020000
1232.226667 1250 32.000000 0.0 300 622.436667 1.060000
77.906667 1250 32.000000 0.1 300 36.703333 0.883333
7.690000 1250 32.000000 0.2 300 4.223333 0.590000
3.430000 1250 32.000000 0.3 300 2.213333 0.463333
2.350000 1250 32.000000 0.4 300 1.653333 0.300000
1.626667 1250 32.000000 0.5 300 1.356667 0.250000
1.343333 1250 32.000000 0.6 300 1.176667 0.146667
1.123333 1250 32.000000 0.7 300 1.053333 0.040000
1.050000 1250 32.000000 0.8 300 1.030000 0.026667
3.610000 2500 0.125000 0.0 300 1.630000 0.336667
1.493333 2500 0.125000 0.1 300 1.186667 0.246667
1.236667 2500 0.125000 0.2 300 1.110000 0.200000
1.160000 2500 0.125000 0.3 300 1.053333 0.093333
1.066667 2500 0.125000 0.4 300 1.050000 0.080000
1.086667 2500 0.125000 0.5 300 1.040000 0.070000
1.010000 2500 0.125000 0.6 300 1.000000 0.000000
1.013333 2500 0.125000 0.7 300 1.006667 0.013333
1.000000 2500 0.125000 0.8 300 1.000000 0.000000
184.516667 2500 0.500000 0.0 300 46.193333 1.590000
5.550000 2500 0.500000 0.1 300 2.506667 0.606667
2.060000 2500 0.500000 0.2 300 1.370000 0.386667
1.600000 2500 0.500000 0.3 300 1.203333 0.240000
1.320000 2500 0.500000 0.4 300 1.113333 0.156667
1.136667 2500 0.500000 0.5 300 1.043333 0.066667
1.076667 2500 0.500000 0.6 300 1.056667 0.100000
1.030000 2500 0.500000 0.7 300 1.013333 0.026667
1.016667 2500 0.500000 0.8 300 1.010000 0.016667
1669.936667 2500 2.000000 0.0 300 642.126667 1.936667
31.203333 2500 2.000000 0.1 300 11.810000 1.040000
5.870000 2500 2.000000 0.2 300 3.026667 0.676667
2.960000 2500 2.000000 0.3 300 1.873333 0.453333
1.956667 2500 2.000000 0.4 300 1.400000 0.293333
1.356667 2500 2.000000 0.5 300 1.153333 0.170000
1.226667 2500 2.000000 0.6 300 1.103333 0.113333
1.113333 2500 2.000000 0.7 300 1.060000 0.073333
1.060000 2500 2.000000 0.8 300 1.013333 0.016667
2307.850000 2500 8.000000 0.0 300 1115.203333 1.266667
51.056667 2500 8.000000 0.1 300 26.333333 0.906667
7.513333 2500 8.000000 0.2 300 4.103333 0.730000
3.646667 2500 8.000000 0.3 300 2.206667 0.433333
1.970000 2500 8.000000 0.4 300 1.453333 0.286667
1.490000 2500 8.000000 0.5 300 1.253333 0.180000
1.353333 2500 8.000000 0.6 300 1.183333 0.130000
1.090000 2500 8.000000 0.7 300 1.040000 0.033333
1.066667 2500 8.000000 0.8 300 1.036667 0.036667
2447.433333 2500 32.000000 0.0 300 1186.626667 1.046667
84.083333 2500 32.000000 0.1 300 42.190000 0.870000
8.506667 2500 32.000000 0.2 300 4.910000 0.680000
3.576667 2500 32.000000 0.3 300 2.336667 0.473333
2.153333 2500 32.000000 0.4 300 1.553333 0.260000
1.600000 2500 32.000000 0.5 300 1.270000 0.193333
1.326667 2500 32.000000 0.6 300 1.153333 0.110000
1.153333 2500 32.000000 0.7 300 1.070000 0.070000
1.056667 2500 32.000000 0.8 300 1.026667 0.026667
3.943333 5000 0.125000 0.0 300 1.740000 0.326667
1.406667 5000 0.125000 0.1 300 1.116667 0.180000
1.296667 5000 0.125000 0.2 300 1.130000 0.213333
1.130000 5000 0.125000 0.3 300 1.070000 0.123333
1.076667 5000 0.125000 0.4 300 1.030000 0.053333
1.046667 5000 0.125000 0.5 300 1.016667 0.033333
1.033333 5000 0.125000 0.6 300 1.013333 0.026667
1.016667 5000 0.125000 0.7 300 1.010000 0.016667
1.000000 5000 0.125000 0.8 300 1.000000 0.000000
361.180000 5000 0.500000 0.0 300 80.833333 1.833333
5.633333 5000 0.500000 0.1 300 2.213333 0.523333
2.046667 5000 0.500000 0.2 300 1.360000 0.333333
1.830000 5000 0.500000 0.3 300 1.316667 0.366667
1.360000 5000 0.500000 0.4 300 1.153333 0.200000
1.220000 5000 0.500000 0.5 300 1.086667 0.113333
1.080000 5000 0.500000 0.6 300 1.043333 0.066667
1.060000 5000 0.500000 0.7 300 1.036667 0.070000
1.010000 5000 0.500000 0.8 300 1.006667 0.013333
3333.143333 5000 2.000000 0.0 300 1205.696667 1.993333
24.820000 5000 2.000000 0.1 300 9.653333 1.106667
4.590000 5000 2.000000 0.2 300 2.456667 0.660000
2.813333 5000 2.000000 0.3 300 1.740000 0.456667
1.750000 5000 2.000000 0.4 300 1.270000 0.256667
1.406667 5000 2.000000 0.5 300 1.186667 0.180000
1.250000 5000 2.000000 0.6 300 1.140000 0.143333
1.083333 5000 2.000000 0.7 300 1.046667 0.063333
1.013333 5000 2.000000 0.8 300 1.013333 0.016667
4700.546667 5000 8.000000 0.0 300 2108.500000 1.286667
54.410000 5000 8.000000 0.1 300 25.500000 0.930000
7.573333 5000 8.000000 0.2 300 4.080000 0.656667
3.193333 5000 8.000000 0.3 300 2.060000 0.460000
2.166667 5000 8.000000 0.4 300 1.573333 0.350000
1.616667 5000 8.000000 0.5 300 1.286667 0.223333
1.326667 5000 8.000000 0.6 300 1.193333 0.143333
1.150000 5000 8.000000 0.7 300 1.066667 0.070000
1.043333 5000 8.000000 0.8 300 1.023333 0.020000
4944.813333 5000 32.000000 0.0 300 2514.946667 1.103333
76.283333 5000 32.000000 0.1 300 34.463333 0.876667
9.996667 5000 32.000000 0.2 300 5.000000 0.620000
3.630000 5000 32.000000 0.3 300 2.206667 0.476667
2.096667 5000 32.000000 0.4 300 1.486667 0.263333
1.586667 5000 32.000000 0.5 300 1.263333 0.193333
1.296667 5000 32.000000 0.6 300 1.123333 0.100000
1.116667 5000 32.000000 0.7 300 1.063333 0.056667
1.070000 5000 32.000000 0.8 300 1.040000 0.036667
3.543333 10000 0.125000 0.0 300 1.690000 0.370000
1.433333 10000 0.125000 0.1 300 1.156667 0.223333
1.173333 10000 0.125000 0.2 300 1.066667 0.100000
1.090000 10000 0.125000 0.3 300 1.040000 0.073333
1.100000 10000 0.125000 0.4 300 1.056667 0.093333
1.090000 10000 0.125000 0.5 300 1.033333 0.066667
1.016667 10000 0.125000 0.6 300 1.003333 0.006667
1.016667 10000 0.125000 0.7 300 1.003333 0.006667
1.006667 10000 0.125000 0.8 300 1.003333 0.006667
693.516667 10000 0.500000 0.0 300 153.780000 1.946667
5.546667 10000 0.500000 0.1 300 2.436667 0.753333
2.180000 10000 0.500000 0.2 300 1.393333 0.373333
1.943333 10000 0.500000 0.3 300 1.390000 0.400000
1.293333 10000 0.500000 0.4 300 1.126667 0.183333
1.166667 10000 0.500000 0.5 300 1.070000 0.090000
1.090000 10000 0.500000 0.6 300 1.033333 0.043333
1.046667 10000 0.500000 0.7 300 1.026667 0.030000
1.023333 10000 0.500000 0.8 300 1.013333 0.020000
6662.160000 10000 2.000000 0.0 300 2495.173333 1.993333
25.586667 10000 2.000000 0.1 300 10.050000 0.906667
5.293333 10000 2.000000 0.2 300 2.663333 0.563333
2.423333 10000 2.000000 0.3 300 1.630000 0.443333
1.600000 10000 2.000000 0.4 300 1.263333 0.276667
1.383333 10000 2.000000 0.5 300 1.186667 0.210000
1.206667 10000 2.000000 0.6 300 1.086667 0.116667
1.090000 10000 2.000000 0.7 300 1.050000 0.050000
1.036667 10000 2.000000 0.8 300 1.020000 0.026667
9589.366667 10000 8.000000 0.0 300 4528.740000 1.316667
59.376667 10000 8.000000 0.1 300 30.460000 1.040000
7.963333 10000 8.000000 0.2 300 4.276667 0.746667
3.940000 10000 8.000000 0.3 300 2.276667 0.506667
2.176667 10000 8.000000 0.4 300 1.603333 0.336667
1.436667 10000 8.000000 0.5 300 1.193333 0.156667
1.250000 10000 8.000000 0.6 300 1.133333 0.096667
1.176667 10000 8.000000 0.7 300 1.086667 0.063333
1.080000 10000 8.000000 0.8 300 1.050000 0.043333
9856.630000 10000 32.000000 0.0 300 4867.800000 1.083333
62.516667 10000 32.000000 0.1 300 32.170000 0.886667
8.956667 10000 32.000000 0.2 300 4.226667 0.630000
3.983333 10000 32.000000 0.3 300 2.486667 0.450000
2.296667 10000 32.000000 0.4 300 1.566667 0.273333
1.450000 10000 32.000000 0.5 300 1.213333 0.146667
1.330000 10000 32.000000 0.6 300 1.173333 0.116667
1.123333 10000 32.000000 0.7 300 1.060000 0.050000
1.043333 10000 32.000000 0.8 300 1.020000 0.016667
