2.373333 625 0.125000 0.0 300 1.433333 0.390000
1.623333 625 0.125000 0.1 300 1.223333 0.270000
1.543333 625 0.125000 0.2 300 1.173333 0.223333
1.316667 625 0.125000 0.3 300 1.100000 0.133333
1.250000 625 0.125000 0.4 300 1.096667 0.146667
1.340000 625 0.125000 0.5 300 1.133333 0.203333
1.146667 625 0.125000 0.6 300 1.060000 0.100000
1.100000 625 0.125000 0.7 300 1.056667 0.096667
1.170000 625 0.125000 0.8 300 1.066667 0.116667
60.593333 625 0.500000 0.0 300 17.033333 1.483333
12.403333 625 0.500000 0.1 300 4.243333 1.006667
4.453333 625 0.500000 0.2 300 2.016667 0.643333
2.973333 625 0.500000 0.3 300 1.666667 0.516667
2.486667 625 0.500000 0.4 300 1.533333 0.513333
2.053333 625 0.500000 0.5 300 1.356667 0.366667
1.803333 625 0.500000 0.6 300 1.320000 0.330000
1.703333 625 0.500000 0.7 300 1.296667 0.340000
1.556667 625 0.500000 0.8 300 1.246667 0.323333
427.120000 625 2.000000 0.0 300 163.796667 1.790000
72.666667 625 2.000000 0.1 300 26.276667 1.440000
20.640000 625 2.000000 0.2 300 8.383333 1.016667
10.560000 625 2.000000 0.3 300 4.626667 0.916667
6.773333 625 2.000000 0.4 300 3.280000 0.756667
4.670000 625 2.000000 0.5 300 2.530000 0.726667
3.516667 625 2.000000 0.6 300 2.033333 0.543333
2.853333 625 2.000000 0.7 300 1.673333 0.416667
2.376667 625 2.000000 0.8 300 1.560000 0.446667
584.676667 625 8.000000 0.0 300 277.350000 1.183333
132.593333 625 8.000000 0.1 300 64.930000 1.116667
35.333333 625 8.000000 0.2 300 15.920000 0.986667
13.330000 625 8.000000 0.3 300 6.760000 0.780000
11.176667 625 8.000000 0.4 300 5.570000 0.730000
6.810000 625 8.000000 0.5 300 3.676667 0.673333
5.193333 625 8.000000 0.6 300 2.960000 0.680000
3.786667 625 8.000000 0.7 300 2.173333 0.510000
2.890000 625 8.000000 0.8 300 1.826667 0.433333
613.766667 625 32.000000 0.0 300 286.096667 1.030000
148.210000 625 32.000000 0.1 300 70.366667 0.986667
40.403333 625 32.000000 0.2 300 19.443333 0.886667
19.396667 625 32.000000 0.3 300 9.103333 0.753333
10.460000 625 32.000000 0.4 300 5.800000 0.723333
6.680000 625 32.000000 0.5 300 3.840000 0.633333
5.120000 625 32.000000 0.6 300 3.176667 0.583333
4.046667 625 32.000000 0.7 300 2.483333 0.513333
3.526667 625 32.000000 0.8 300 2.263333 0.456667
2.966667 1250 0.125000 0.0 300 1.536667 0.370000
1.823333 1250 0.125000 0.1 300 1.293333 0.330000
1.543333 1250 0.125000 0.2 300 1.216667 0.293333
1.350000 1250 0.125000 0.3 300 1.116667 0.186667
1.303333 1250 0.125000 0.4 300 1.126667 0.206667
1.220000 1250 0.125000 0.5 300 1.090000 0.156667
1.243333 1250 0.125000 0.6 300 1.120000 0.180000
1.153333 1250 0.125000 0.7 300 1.046667 0.070000
1.106667 1250 0.125000 0.8 300 1.053333 0.076667
109.133333 1250 0.500000 0.0 300 28.153333 1.570000
9.516667 1250 0.500000 0.1 300 3.490000 0.896667
3.860000 1250 0.500000 0.2 300 1.960000 0.653333
3.310000 1250 0.500000 0.3 300 1.790000 0.600000
2.493333 1250 0.500000 0.4 300 1.530000 0.466667
1.816667 1250 0.500000 0.5 300 1.313333 0.380000
1.786667 1250 0.500000 0.6 300 1.260000 0.283333
1.920000 1250 0.500000 0.7 300 1.326667 0.350000
1.563333 1250 0.500000 0.8 300 1.230000 0.306667
845.130000 1250 2.000000 0.0 300 318.366667 1.726667
75.150000 1250 2.000000 0.1 300 30.183333 1.276667
18.040000 1250 2.000000 0.2 300 7.613333 0.990000
10.086667 1250 2.000000 0.3 300 4.463333 0.906667
6.216667 1250 2.000000 0.4 300 2.930000 0.733333
4.496667 1250 2.000000 0.5 300 2.443333 0.723333
3.316667 1250 2.000000 0.6 300 1.926667 0.460000
2.766667 1250 2.000000 0.7 300 1.733333 0.480000
2.433333 1250 2.000000 0.8 300 1.670000 0.426667
1196.476667 1250 8.000000 0.0 300 526.040000 1.276667
144.696667 1250 8.000000 0.1 300 74.886667 1.176667
33.626667 1250 8.000000 0.2 300 16.993333 0.940000
15.953333 1250 8.000000 0.3 300 7.346667 0.850000
9.240000 1250 8.000000 0.4 300 4.943333 0.770000
6.383333 1250 8.000000 0.5 300 3.393333 0.610000
4.900000 1250 8.000000 0.6 300 2.666667 0.646667
4.073333 1250 8.000000 0.7 300 2.483333 0.580000
3.196667 1250 8.000000 0.8 300 2.096667 0.466667
1232.086667 1250 32.000000 0.0 300 572.823333 1.063333
172.413333 1250 32.000000 0.1 300 88.663333 1.013333
39.913333 1250 32.000000 0.2 300 19.666667 0.840000
18.626667 1250 32.000000 0.3 300 9.713333 0.823333
11.050000 1250 32.000000 0.4 300 6.023333 0.723333
7.430000 1250 32.000000 0.5 300 4.426667 0.706667
5.930000 1250 32.000000 0.6 300 3.480000 0.626667
4.340000 1250 32.000000 0.7 300 2.556667 0.520000
3.423333 1250 32.000000 0.8 300 2.170000 0.456667
2.583333 2500 0.125000 0.0 300 1.470000 0.340000
1.616667 2500 0.125000 0.1 300 1.180000 0.203333
1.463333 2500 0.125000 0.2 300 1.120000 0.156667
1.380000 2500 0.125000 0.3 300 1.116667 0.163333
1.323333 2500 0.125000 0.4 300 1.160000 0.240000
1.300000 2500 0.125000 0.5 300 1.133333 0.220000
1.180000 2500 0.125000 0.6 300 1.090000 0.146667
1.190000 2500 0.125000 0.7 300 1.100000 0.150000
1.200000 2500 0.125000 0.8 300 1.063333 0.100000
212.496667 2500 0.500000 0.0 300 50.206667 1.563333
13.150000 2500 0.500000 0.1 300 4.413333 0.960000
4.233333 2500 0.500000 0.2 300 2.126667 0.630000
3.193333 2500 0.500000 0.3 300 1.776667 0.543333
2.500000 2500 0.500000 0.4 300 1.436667 0.430000
2.383333 2500 0.500000 0.5 300 1.476667 0.490000
1.886667 2500 0.500000 0.6 300 1.413333 0.420000
1.793333 2500 0.500000 0.7 300 1.293333 0.356667
1.576667 2500 0.500000 0.8 300 1.206667 0.263333
1649.260000 2500 2.000000 0.0 300 599.446667 1.810000
72.673333 2500 2.000000 0.1 300 28.653333 1.296667
18.963333 2500 2.000000 0.2 300 7.786667 1.116667
9.190000 2500 2.000000 0.3 300 4.356667 0.866667
6.253333 2500 2.000000 0.4 300 2.980000 0.670000
4.713333 2500 2.000000 0.5 300 2.486667 0.660000
3.350000 2500 2.000000 0.6 300 2.026667 0.466667
3.193333 2500 2.000000 0.7 300 1.970000 0.550000
2.533333 2500 2.000000 0.8 300 1.626667 0.423333
2272.316667 2500 8.000000 0.0 300 1053.443333 1.280000
135.776667 2500 8.000000 0.1 300 66.180000 1.123333
31.393333 2500 8.000000 0.2 300 15.003333 0.966667
18.836667 2500 8.000000 0.3 300 9.786667 0.953333
9.430000 2500 8.000000 0.4 300 4.620000 0.790000
6.553333 2500 8.000000 0.5 300 3.453333 0.643333
5.676667 2500 8.000000 0.6 300 3.043333 0.593333
4.396667 2500 8.000000 0.7 300 2.513333 0.566667
2.706667 2500 8.000000 0.8 300 1.823333 0.440000
2480.506667 2500 32.000000 0.0 300 1133.950000 1.056667
163.780000 2500 32.000000 0.1 300 80.753333 0.976667
41.770000 2500 32.000000 0.2 300 22.040000 0.896667
19.523333 2500 32.000000 0.3 300 9.806667 0.803333
10.970000 2500 32.000000 0.4 300 5.693333 0.716667
7.956667 2500 32.000000 0.5 300 4.346667 0.663333
5.703333 2500 32.000000 0.6 300 3.370000 0.580000
3.866667 2500 32.000000 0.7 300 2.383333 0.513333
3.453333 2500 32.000000 0.8 300 2.090000 0.486667
4.176667 5000 0.125000 0.0 300 1.813333 0.526667
1.780000 5000 0.125000 0.1 300 1.246667 0.283333
1.530000 5000 0.125000 0.2 300 1.203333 0.276667
1.326667 5000 0.125000 0.3 300 1.133333 0.220000
1.373333 5000 0.125000 0.4 300 1.140000 0.193333
1.223333 5000 0.125000 0.5 300 1.086667 0.163333
1.210000 5000 0.125000 0.6 300 1.096667 0.173333
1.166667 5000 0.125000 0.7 300 1.096667 0.156667
1.150000 5000 0.125000 0.8 300 1.086667 0.170000
414.746667 5000 0.500000 0.0 300 95.546667 1.926667
17.086667 5000 0.500000 0.1 300 5.273333 0.966667
5.520000 5000 0.500000 0.2 300 2.506667 0.750000
3.130000 5000 0.500000 0.3 300 1.693333 0.543333
2.323333 5000 0.500000 0.4 300 1.483333 0.380000
1.933333 5000 0.500000 0.5 300 1.376667 0.400000
1.630000 5000 0.500000 0.6 300 1.256667 0.310000
1.693333 5000 0.500000 0.7 300 1.280000 0.373333
1.670000 5000 0.500000 0.8 300 1.276667 0.303333
3331.416667 5000 2.000000 0.0 300 1216.986667 1.926667
75.426667 5000 2.000000 0.1 300 26.876667 1.196667
23.350000 5000 2.000000 0.2 300 10.003333 1.030000
9.843333 5000 2.000000 0.3 300 3.996667 0.833333
6.296667 5000 2.000000 0.4 300 3.043333 0.756667
5.483333 5000 2.000000 0.5 300 2.773333 0.763333
3.613333 5000 2.000000 0.6 300 2.146667 0.540000
2.836667 5000 2.000000 0.7 300 1.840000 0.580000
2.216667 5000 2.000000 0.8 300 1.480000 0.396667
4661.046667 5000 8.000000 0.0 300 2097.463333 1.256667
142.906667 5000 8.000000 0.1 300 69.566667 1.116667
32.116667 5000 8.000000 0.2 300 15.643333 0.960000
17.436667 5000 8.000000 0.3 300 8.890000 0.866667
11.360000 5000 8.000000 0.4 300 5.783333 0.753333
7.166667 5000 8.000000 0.5 300 3.970000 0.636667
5.156667 5000 8.000000 0.6 300 3.026667 0.640000
4.413333 5000 8.000000 0.7 300 2.560000 0.566667
3.090000 5000 8.000000 0.8 300 1.993333 0.453333
4978.760000 5000 32.000000 0.0 300 2557.300000 1.080000
144.500000 5000 32.000000 0.1 300 74.413333 0.960000
37.650000 5000 32.000000 0.2 300 18.616667 0.920000
17.910000 5000 32.000000 0.3 300 8.203333 0.793333
12.810000 5000 32.000000 0.4 300 6.496667 0.740000
8.660000 5000 32.000000 0.5 300 4.926667 0.650000
5.473333 5000 32.000000 0.6 300 3.306667 0.593333
3.780000 5000 32.000000 0.7 300 2.360000 0.503333
3.366667 5000 32.000000 0.8 300 2.050000 0.460000
3.366667 10000 0.125000 0.0 300 1.800000 0.406667
1.470000 10000 0.125000 0.1 300 1.190000 0.246667
1.566667 10000 0.125000 0.2 300 1.230000 0.280000
1.373333 10000 0.125000 0.3 300 1.100000 0.163333
1.206667 10000 0.125000 0.4 300 1.070000 0.086667
1.236667 10000 0.125000 0.5 300 1.086667 0.166667
1.193333 10000 0.125000 0.6 300 1.080000 0.143333
1.203333 10000 0.125000 0.7 300 1.070000 0.116667
1.176667 10000 0.125000 0.8 300 1.070000 0.143333
815.130000 10000 0.500000 0.0 300 182.503333 1.953333
11.966667 10000 0.500000 0.1 300 4.200000 0.836667
4.233333 10000 0.500000 0.2 300 2.086667 0.646667
3.516667 10000 0.500000 0.3 300 1.910000 0.653333
2.500000 10000 0.500000 0.4 300 1.570000 0.510000
2.293333 10000 0.500000 0.5 300 1.480000 0.490000
1.846667 10000 0.500000 0.6 300 1.280000 0.330000
1.870000 10000 0.500000 0.7 300 1.320000 0.313333
1.693333 10000 0.500000 0.8 300 1.296667 0.356667
6073.046667 10000 2.000000 0.0 300 2341.530000 1.906667
82.403333 10000 2.000000 0.1 300 30.593333 1.406667
17.236667 10000 2.000000 0.2 300 7.250000 1.033333
9.023333 10000 2.000000 0.3 300 4.256667 0.903333
6.643333 10000 2.000000 0.4 300 3.146667 0.700000
4.163333 10000 2.000000 0.5 300 2.213333 0.640000
3.566667 10000 2.000000 0.6 300 2.053333 0.570000
2.630000 10000 2.000000 0.7 300 1.633333 0.460000
2.670000 10000 2.000000 0.8 300 1.703333 0.463333
9363.620000 10000 8.000000 0.0 300 4421.080000 1.286667
144.313333 10000 8.000000 0.1 300 62.000000 1.113333
30.406667 10000 8.000000 0.2 300 14.786667 0.926667
16.623333 10000 8.000000 0.3 300 7.716667 0.870000
10.026667 10000 8.000000 0.4 300 5.060000 0.763333
6.503333 10000 8.000000 0.5 300 3.390000 0.630000
4.363333 10000 8.000000 0.6 300 2.630000 0.583333
4.133333 10000 8.000000 0.7 300 2.493333 0.570000
3.226667 10000 8.000000 0.8 300 1.956667 0.436667
9790.226667 10000 32.000000 0.0 300 4772.773333 1.060000
136.360000 10000 32.000000 0.1 300 69.663333 0.986667
44.450000 10000 32.000000 0.2 300 20.926667 0.906667
17.103333 10000 32.000000 0.3 300 9.183333 0.770000
12.523333 10000 32.000000 0.4 300 6.380000 0.716667
7.536667 10000 32.000000 0.5 300 4.176667 0.650000
5.590000 10000 32.000000 0.6 300 3.120000 0.590000
4.376667 10000 32.000000 0.7 300 2.690000 0.570000
3.413333 10000 32.000000 0.8 300 2.206667 0.463333
