1.166667 625 0.031250 0.0 300 1.060000 0.090000
1.150000 625 0.031250 0.1 300 1.060000 0.106667
1.073333 625 0.031250 0.2 300 1.043333 0.076667
1.110000 625 0.031250 0.3 300 1.046667 0.083333
1.090000 625 0.031250 0.4 300 1.043333 0.086667
1.150000 625 0.031250 0.5 300 1.056667 0.096667
1.113333 625 0.031250 0.6 300 1.043333 0.080000
1.110000 625 0.031250 0.7 300 1.043333 0.076667
1.090000 625 0.031250 0.8 300 1.046667 0.090000
1.526667 625 0.062500 0.0 300 1.173333 0.210000
1.386667 625 0.062500 0.1 300 1.163333 0.230000
1.283333 625 0.062500 0.2 300 1.103333 0.156667
1.250000 625 0.062500 0.3 300 1.083333 0.143333
1.220000 625 0.062500 0.4 300 1.093333 0.133333
1.290000 625 0.062500 0.5 300 1.110000 0.176667
1.163333 625 0.062500 0.6 300 1.086667 0.143333
1.256667 625 0.062500 0.7 300 1.090000 0.123333
1.250000 625 0.062500 0.8 300 1.086667 0.163333
9.126667 625 0.250000 0.0 300 3.083333 0.770000
2.856667 625 0.250000 0.1 300 1.640000 0.546667
2.876667 625 0.250000 0.2 300 1.490000 0.523333
2.706667 625 0.250000 0.3 300 1.560000 0.516667
2.990000 625 0.250000 0.4 300 1.613333 0.546667
2.423333 625 0.250000 0.5 300 1.523333 0.413333
2.673333 625 0.250000 0.6 300 1.523333 0.496667
2.223333 625 0.250000 0.7 300 1.390000 0.430000
1.870000 625 0.250000 0.8 300 1.343333 0.340000
224.450000 625 1.000000 0.0 300 70.293333 2.036667
28.526667 625 1.000000 0.1 300 9.703333 1.156667
24.256667 625 1.000000 0.2 300 7.913333 1.170000
19.606667 625 1.000000 0.3 300 7.173333 1.153333
18.403333 625 1.000000 0.4 300 6.693333 1.156667
16.653333 625 1.000000 0.5 300 6.340000 1.100000
14.276667 625 1.000000 0.6 300 5.053333 1.053333
11.463333 625 1.000000 0.7 300 4.473333 0.986667
7.973333 625 1.000000 0.8 300 3.606667 0.996667
522.356667 625 4.000000 0.0 300 240.863333 1.413333
74.083333 625 4.000000 0.1 300 33.170000 1.190000
60.386667 625 4.000000 0.2 300 27.350000 1.246667
64.370000 625 4.000000 0.3 300 25.056667 1.233333
47.690000 625 4.000000 0.4 300 21.923333 1.173333
35.866667 625 4.000000 0.5 300 14.413333 1.110000
39.300000 625 4.000000 0.6 300 16.910000 1.186667
25.990000 625 4.000000 0.7 300 11.923333 1.060000
17.706667 625 4.000000 0.8 300 8.116667 0.963333
606.806667 625 16.000000 0.0 300 285.960000 1.100000
80.516667 625 16.000000 0.1 300 39.450000 1.036667
77.286667 625 16.000000 0.2 300 39.013333 0.980000
63.663333 625 16.000000 0.3 300 31.233333 1.003333
61.650000 625 16.000000 0.4 300 29.546667 1.026667
50.620000 625 16.000000 0.5 300 25.293333 0.946667
38.420000 625 16.000000 0.6 300 18.220000 0.906667
30.220000 625 16.000000 0.7 300 16.683333 0.953333
21.076667 625 16.000000 0.8 300 10.230000 0.830000
1.200000 1250 0.031250 0.0 300 1.076667 0.113333
1.140000 1250 0.031250 0.1 300 1.056667 0.100000
1.170000 1250 0.031250 0.2 300 1.063333 0.090000
1.090000 1250 0.031250 0.3 300 1.016667 0.030000
1.143333 1250 0.031250 0.4 300 1.056667 0.103333
1.113333 1250 0.031250 0.5 300 1.043333 0.086667
1.103333 1250 0.031250 0.6 300 1.043333 0.076667
1.146667 1250 0.031250 0.7 300 1.080000 0.103333
1.070000 1250 0.031250 0.8 300 1.030000 0.053333
1.273333 1250 0.062500 0.0 300 1.110000 0.163333
1.230000 1250 0.062500 0.1 300 1.083333 0.133333
1.216667 1250 0.062500 0.2 300 1.096667 0.163333
1.286667 1250 0.062500 0.3 300 1.113333 0.156667
1.246667 1250 0.062500 0.4 300 1.120000 0.153333
1.266667 1250 0.062500 0.5 300 1.120000 0.190000
1.196667 1250 0.062500 0.6 300 1.090000 0.140000
1.240000 1250 0.062500 0.7 300 1.106667 0.133333
1.243333 1250 0.062500 0.8 300 1.113333 0.176667
13.330000 1250 0.250000 0.0 300 4.206667 0.820000
3.943333 1250 0.250000 0.1 300 1.863333 0.593333
3.836667 1250 0.250000 0.2 300 1.780000 0.536667
3.666667 1250 0.250000 0.3 300 1.753333 0.620000
3.620000 1250 0.250000 0.4 300 1.840000 0.723333
3.090000 1250 0.250000 0.5 300 1.723333 0.523333
3.230000 1250 0.250000 0.6 300 1.723333 0.586667
2.966667 1250 0.250000 0.7 300 1.656667 0.603333
2.526667 1250 0.250000 0.8 300 1.493333 0.436667
444.576667 1250 1.000000 0.0 300 137.440000 2.010000
34.766667 1250 1.000000 0.1 300 11.663333 1.290000
47.940000 1250 1.000000 0.2 300 16.030000 1.396667
41.066667 1250 1.000000 0.3 300 13.846667 1.396667
31.863333 1250 1.000000 0.4 300 10.740000 1.316667
24.900000 1250 1.000000 0.5 300 8.720000 1.190000
24.486667 1250 1.000000 0.6 300 8.670000 1.273333
15.136667 1250 1.000000 0.7 300 5.730000 0.970000
14.803333 1250 1.000000 0.8 300 5.563333 1.093333
1028.120000 1250 4.000000 0.0 300 462.793333 1.393333
136.893333 1250 4.000000 0.1 300 59.990000 1.353333
124.340000 1250 4.000000 0.2 300 54.770000 1.193333
109.700000 1250 4.000000 0.3 300 44.883333 1.200000
96.850000 1250 4.000000 0.4 300 41.316667 1.240000
88.036667 1250 4.000000 0.5 300 36.280000 1.156667
71.630000 1250 4.000000 0.6 300 30.810000 1.190000
42.640000 1250 4.000000 0.7 300 19.380000 1.050000
35.210000 1250 4.000000 0.8 300 14.240000 1.116667
1211.406667 1250 16.000000 0.0 300 596.310000 1.153333
151.543333 1250 16.000000 0.1 300 72.033333 1.036667
160.793333 1250 16.000000 0.2 300 73.630000 1.066667
132.993333 1250 16.000000 0.3 300 61.540000 1.080000
114.756667 1250 16.000000 0.4 300 55.860000 1.026667
121.270000 1250 16.000000 0.5 300 61.793333 1.070000
78.430000 1250 16.000000 0.6 300 38.046667 1.050000
60.473333 1250 16.000000 0.7 300 27.010000 0.963333
43.493333 1250 16.000000 0.8 300 20.560000 0.970000
1.130000 2500 0.031250 0.0 300 1.056667 0.093333
1.186667 2500 0.031250 0.1 300 1.090000 0.160000
1.110000 2500 0.031250 0.2 300 1.046667 0.083333
1.130000 2500 0.031250 0.3 300 1.040000 0.070000
1.103333 2500 0.031250 0.4 300 1.036667 0.066667
1.150000 2500 0.031250 0.5 300 1.096667 0.176667
1.176667 2500 0.031250 0.6 300 1.050000 0.096667
1.106667 2500 0.031250 0.7 300 1.056667 0.103333
1.113333 2500 0.031250 0.8 300 1.050000 0.093333
1.833333 2500 0.062500 0.0 300 1.280000 0.286667
1.306667 2500 0.062500 0.1 300 1.123333 0.153333
1.413333 2500 0.062500 0.2 300 1.180000 0.210000
1.380000 2500 0.062500 0.3 300 1.150000 0.226667
1.453333 2500 0.062500 0.4 300 1.160000 0.253333
1.230000 2500 0.062500 0.5 300 1.076667 0.120000
1.406667 2500 0.062500 0.6 300 1.153333 0.196667
1.220000 2500 0.062500 0.7 300 1.073333 0.133333
1.246667 2500 0.062500 0.8 300 1.090000 0.150000
24.423333 2500 0.250000 0.0 300 6.060000 1.070000
4.893333 2500 0.250000 0.1 300 1.986667 0.550000
5.690000 2500 0.250000 0.2 300 2.266667 0.633333
4.106667 2500 0.250000 0.3 300 1.890000 0.493333
4.743333 2500 0.250000 0.4 300 2.076667 0.653333
4.293333 2500 0.250000 0.5 300 1.876667 0.613333
4.446667 2500 0.250000 0.6 300 1.960000 0.533333
2.943333 2500 0.250000 0.7 300 1.646667 0.543333
2.996667 2500 0.250000 0.8 300 1.630000 0.460000
876.183333 2500 1.000000 0.0 300 256.830000 2.013333
90.623333 2500 1.000000 0.1 300 28.056667 1.556667
86.670000 2500 1.000000 0.2 300 28.053333 1.456667
75.383333 2500 1.000000 0.3 300 24.100000 1.543333
64.813333 2500 1.000000 0.4 300 20.686667 1.480000
63.946667 2500 1.000000 0.5 300 21.083333 1.503333
50.323333 2500 1.000000 0.6 300 16.146667 1.600000
34.890000 2500 1.000000 0.7 300 11.763333 1.240000
24.130000 2500 1.000000 0.8 300 8.436667 1.223333
2196.623333 2500 4.000000 0.0 300 946.460000 1.473333
281.936667 2500 4.000000 0.1 300 114.246667 1.423333
265.700000 2500 4.000000 0.2 300 109.253333 1.483333
221.266667 2500 4.000000 0.3 300 94.656667 1.330000
184.000000 2500 4.000000 0.4 300 78.963333 1.356667
153.493333 2500 4.000000 0.5 300 67.036667 1.276667
116.473333 2500 4.000000 0.6 300 52.940000 1.370000
96.560000 2500 4.000000 0.7 300 43.326667 1.236667
58.480000 2500 4.000000 0.8 300 27.573333 1.216667
2439.933333 2500 16.000000 0.0 300 1210.630000 1.130000
359.640000 2500 16.000000 0.1 300 170.243333 1.143333
319.916667 2500 16.000000 0.2 300 166.393333 1.123333
270.383333 2500 16.000000 0.3 300 124.816667 1.096667
237.223333 2500 16.000000 0.4 300 116.900000 1.050000
202.516667 2500 16.000000 0.5 300 101.543333 1.060000
162.036667 2500 16.000000 0.6 300 75.866667 1.000000
125.660000 2500 16.000000 0.7 300 58.353333 0.976667
78.966667 2500 16.000000 0.8 300 40.716667 1.016667
1.166667 5000 0.031250 0.0 300 1.063333 0.096667
1.113333 5000 0.031250 0.1 300 1.043333 0.086667
1.220000 5000 0.031250 0.2 300 1.080000 0.120000
1.210000 5000 0.031250 0.3 300 1.093333 0.150000
1.210000 5000 0.031250 0.4 300 1.090000 0.133333
1.103333 5000 0.031250 0.5 300 1.046667 0.083333
1.156667 5000 0.031250 0.6 300 1.056667 0.106667
1.106667 5000 0.031250 0.7 300 1.046667 0.083333
1.086667 5000 0.031250 0.8 300 1.026667 0.053333
1.486667 5000 0.062500 0.0 300 1.176667 0.173333
1.396667 5000 0.062500 0.1 300 1.126667 0.180000
1.420000 5000 0.062500 0.2 300 1.176667 0.246667
1.316667 5000 0.062500 0.3 300 1.100000 0.143333
1.286667 5000 0.062500 0.4 300 1.110000 0.140000
1.190000 5000 0.062500 0.5 300 1.073333 0.123333
1.260000 5000 0.062500 0.6 300 1.120000 0.160000
1.343333 5000 0.062500 0.7 300 1.170000 0.270000
1.226667 5000 0.062500 0.8 300 1.096667 0.170000
28.490000 5000 0.250000 0.0 300 7.273333 0.796667
7.030000 5000 0.250000 0.1 300 2.453333 0.666667
7.513333 5000 0.250000 0.2 300 2.710000 0.750000
4.623333 5000 0.250000 0.3 300 2.073333 0.663333
6.040000 5000 0.250000 0.4 300 2.403333 0.623333
4.650000 5000 0.250000 0.5 300 2.016667 0.610000
5.666667 5000 0.250000 0.6 300 2.393333 0.716667
3.673333 5000 0.250000 0.7 300 1.786667 0.446667
3.803333 5000 0.250000 0.8 300 1.796667 0.580000
1615.266667 5000 1.000000 0.0 300 465.403333 2.106667
175.523333 5000 1.000000 0.1 300 51.980000 1.680000
167.356667 5000 1.000000 0.2 300 50.740000 1.700000
146.603333 5000 1.000000 0.3 300 42.466667 1.576667
137.073333 5000 1.000000 0.4 300 44.043333 1.696667
120.700000 5000 1.000000 0.5 300 37.293333 1.593333
77.070000 5000 1.000000 0.6 300 24.000000 1.403333
69.750000 5000 1.000000 0.7 300 22.646667 1.380000
39.830000 5000 1.000000 0.8 300 12.773333 1.253333
4288.640000 5000 4.000000 0.0 300 1976.836667 1.556667
540.673333 5000 4.000000 0.1 300 222.803333 1.430000
523.536667 5000 4.000000 0.2 300 217.480000 1.466667
422.166667 5000 4.000000 0.3 300 180.626667 1.433333
385.623333 5000 4.000000 0.4 300 164.946667 1.496667
320.383333 5000 4.000000 0.5 300 136.070000 1.320000
260.883333 5000 4.000000 0.6 300 108.366667 1.363333
187.860000 5000 4.000000 0.7 300 86.773333 1.396667
140.110000 5000 4.000000 0.8 300 59.790000 1.300000
4897.303333 5000 16.000000 0.0 300 2291.176667 1.126667
665.423333 5000 16.000000 0.1 300 332.756667 1.113333
645.230000 5000 16.000000 0.2 300 300.240000 1.060000
540.673333 5000 16.000000 0.3 300 260.360000 1.113333
477.906667 5000 16.000000 0.4 300 208.090000 1.120000
413.120000 5000 16.000000 0.5 300 190.123333 1.096667
344.186667 5000 16.000000 0.6 300 164.956667 1.073333
238.873333 5000 16.000000 0.7 300 120.936667 1.056667
197.163333 5000 16.000000 0.8 300 95.906667 1.103333
1.203333 10000 0.031250 0.0 300 1.076667 0.136667
1.183333 10000 0.031250 0.1 300 1.110000 0.130000
1.173333 10000 0.031250 0.2 300 1.073333 0.116667
1.196667 10000 0.031250 0.3 300 1.096667 0.146667
1.100000 10000 0.031250 0.4 300 1.056667 0.103333
1.130000 10000 0.031250 0.5 300 1.040000 0.063333
1.223333 10000 0.031250 0.6 300 1.100000 0.166667
1.193333 10000 0.031250 0.7 300 1.086667 0.126667
1.073333 10000 0.031250 0.8 300 1.023333 0.036667
2.100000 10000 0.062500 0.0 300 1.366667 0.246667
1.473333 10000 0.062500 0.1 300 1.190000 0.220000
1.480000 10000 0.062500 0.2 300 1.180000 0.253333
1.423333 10000 0.062500 0.3 300 1.110000 0.166667
1.480000 10000 0.062500 0.4 300 1.190000 0.233333
1.446667 10000 0.062500 0.5 300 1.140000 0.176667
1.366667 10000 0.062500 0.6 300 1.136667 0.173333
1.306667 10000 0.062500 0.7 300 1.123333 0.176667
1.270000 10000 0.062500 0.8 300 1.110000 0.173333
40.283333 10000 0.250000 0.0 300 8.993333 0.813333
11.730000 10000 0.250000 0.1 300 3.586667 0.700000
13.493333 10000 0.250000 0.2 300 3.700000 0.873333
10.043333 10000 0.250000 0.3 300 3.343333 0.786667
7.493333 10000 0.250000 0.4 300 2.666667 0.616667
9.633333 10000 0.250000 0.5 300 3.216667 0.803333
6.890000 10000 0.250000 0.6 300 2.673333 0.783333
6.000000 10000 0.250000 0.7 300 2.366667 0.603333
5.460000 10000 0.250000 0.8 300 2.266667 0.703333
3178.000000 10000 1.000000 0.0 300 885.206667 2.066667
399.676667 10000 1.000000 0.1 300 116.636667 2.026667
360.480000 10000 1.000000 0.2 300 104.950000 1.846667
286.096667 10000 1.000000 0.3 300 85.770000 1.783333
249.436667 10000 1.000000 0.4 300 74.800000 1.730000
183.376667 10000 1.000000 0.5 300 54.216667 1.620000
164.040000 10000 1.000000 0.6 300 50.463333 1.576667
121.766667 10000 1.000000 0.7 300 36.263333 1.623333
90.583333 10000 1.000000 0.8 300 28.996667 1.540000
8475.496667 10000 4.000000 0.0 300 3746.816667 1.590000
1114.093333 10000 4.000000 0.1 300 496.926667 1.460000
936.510000 10000 4.000000 0.2 300 426.143333 1.590000
993.893333 10000 4.000000 0.3 300 425.653333 1.546667
767.443333 10000 4.000000 0.4 300 341.573333 1.553333
655.833333 10000 4.000000 0.5 300 279.260000 1.410000
470.376667 10000 4.000000 0.6 300 200.990000 1.433333
425.550000 10000 4.000000 0.7 300 174.356667 1.456667
264.916667 10000 4.000000 0.8 300 111.263333 1.356667
9761.126667 10000 16.000000 0.0 300 4654.063333 1.170000
1411.040000 10000 16.000000 0.1 300 696.316667 1.136667
1149.976667 10000 16.000000 0.2 300 539.193333 1.150000
1133.063333 10000 16.000000 0.3 300 554.816667 1.163333
975.060000 10000 16.000000 0.4 300 497.613333 1.066667
889.626667 10000 16.000000 0.5 300 446.580000 1.123333
667.126667 10000 16.000000 0.6 300 321.673333 1.110000
487.483333 10000 16.000000 0.7 300 233.070000 1.086667
358.920000 10000 16.000000 0.8 300 160.220000 1.100000
