2.380000 625 0.125000 0.0 300 1.423333 0.290000
1.596667 625 0.125000 0.1 300 1.203333 0.263333
1.590000 625 0.125000 0.2 300 1.216667 0.240000
1.430000 625 0.125000 0.3 300 1.153333 0.213333
1.256667 625 0.125000 0.4 300 1.090000 0.113333
1.240000 625 0.125000 0.5 300 1.076667 0.120000
1.173333 625 0.125000 0.6 300 1.083333 0.150000
1.213333 625 0.125000 0.7 300 1.093333 0.143333
1.113333 625 0.125000 0.8 300 1.040000 0.066667
63.840000 625 0.500000 0.0 300 16.750000 1.440000
7.766667 625 0.500000 0.1 300 3.080000 0.703333
5.206667 625 0.500000 0.2 300 2.310000 0.763333
3.043333 625 0.500000 0.3 300 1.713333 0.530000
2.580000 625 0.500000 0.4 300 1.546667 0.420000
2.516667 625 0.500000 0.5 300 1.526667 0.513333
2.006667 625 0.500000 0.6 300 1.370000 0.420000
1.983333 625 0.500000 0.7 300 1.356667 0.380000
1.730000 625 0.500000 0.8 300 1.316667 0.390000
423.383333 625 2.000000 0.0 300 163.266667 1.730000
44.180000 625 2.000000 0.1 300 16.870000 1.186667
17.710000 625 2.000000 0.2 300 7.450000 0.866667
15.423333 625 2.000000 0.3 300 6.530000 0.886667
7.576667 625 2.000000 0.4 300 3.466667 0.816667
6.476667 625 2.000000 0.5 300 3.260000 0.690000
4.846667 625 2.000000 0.6 300 2.563333 0.663333
3.683333 625 2.000000 0.7 300 2.110000 0.556667
3.600000 625 2.000000 0.8 300 2.073333 0.583333
589.923333 625 8.000000 0.0 300 265.006667 1.260000
96.236667 625 8.000000 0.1 300 46.300000 1.096667
32.036667 625 8.000000 0.2 300 16.136667 0.916667
22.386667 625 8.000000 0.3 300 10.806667 0.846667
13.823333 625 8.000000 0.4 300 7.303333 0.770000
9.980000 625 8.000000 0.5 300 5.030000 0.736667
6.156667 625 8.000000 0.6 300 2.940000 0.646667
5.206667 625 8.000000 0.7 300 3.126667 0.553333
4.456667 625 8.000000 0.8 300 2.506667 0.463333
607.786667 625 32.000000 0.0 300 294.866667 1.040000
93.153333 625 32.000000 0.1 300 47.530000 0.903333
39.963333 625 32.000000 0.2 300 21.403333 0.840000
25.853333 625 32.000000 0.3 300 12.570000 0.736667
16.353333 625 32.000000 0.4 300 8.313333 0.736667
11.233333 625 32.000000 0.5 300 5.883333 0.690000
7.910000 625 32.000000 0.6 300 4.370000 0.626667
5.680000 625 32.000000 0.7 300 3.266667 0.570000
4.926667 625 32.000000 0.8 300 3.003333 0.493333
2.830000 1250 0.125000 0.0 300 1.496667 0.406667
1.560000 1250 0.125000 0.1 300 1.216667 0.253333
1.476667 1250 0.125000 0.2 300 1.160000 0.180000
1.263333 1250 0.125000 0.3 300 1.100000 0.133333
1.373333 1250 0.125000 0.4 300 1.163333 0.186667
1.210000 1250 0.125000 0.5 300 1.096667 0.163333
1.233333 1250 0.125000 0.6 300 1.090000 0.150000
1.176667 1250 0.125000 0.7 300 1.066667 0.120000
1.203333 1250 0.125000 0.8 300 1.080000 0.130000
120.970000 1250 0.500000 0.0 300 31.553333 1.670000
9.123333 1250 0.500000 0.1 300 3.416667 0.736667
5.206667 1250 0.500000 0.2 300 2.263333 0.760000
2.720000 1250 0.500000 0.3 300 1.603333 0.453333
3.433333 1250 0.500000 0.4 300 1.810000 0.626667
2.350000 1250 0.500000 0.5 300 1.476667 0.436667
2.330000 1250 0.500000 0.6 300 1.430000 0.400000
1.763333 1250 0.500000 0.7 300 1.283333 0.296667
1.876667 1250 0.500000 0.8 300 1.333333 0.400000
832.270000 1250 2.000000 0.0 300 326.083333 1.916667
53.840000 1250 2.000000 0.1 300 22.243333 1.156667
19.806667 1250 2.000000 0.2 300 8.573333 1.020000
12.510000 1250 2.000000 0.3 300 5.023333 0.833333
7.980000 1250 2.000000 0.4 300 3.816667 0.800000
5.483333 1250 2.000000 0.5 300 2.726667 0.603333
4.373333 1250 2.000000 0.6 300 2.200000 0.516667
3.796667 1250 2.000000 0.7 300 1.993333 0.513333
3.413333 1250 2.000000 0.8 300 1.940000 0.550000
1180.546667 1250 8.000000 0.0 300 540.820000 1.266667
91.590000 1250 8.000000 0.1 300 47.223333 1.026667
32.243333 1250 8.000000 0.2 300 14.950000 0.850000
21.326667 1250 8.000000 0.3 300 9.986667 0.820000
11.993333 1250 8.000000 0.4 300 6.286667 0.740000
9.300000 1250 8.000000 0.5 300 4.320000 0.643333
7.410000 1250 8.000000 0.6 300 4.180000 0.666667
5.783333 1250 8.000000 0.7 300 3.050000 0.526667
4.573333 1250 8.000000 0.8 300 2.766667 0.516667
1240.370000 1250 32.000000 0.0 300 611.796667 1.100000
111.060000 1250 32.000000 0.1 300 54.220000 0.953333
44.013333 1250 32.000000 0.2 300 22.116667 0.866667
20.246667 1250 32.000000 0.3 300 10.173333 0.743333
14.820000 1250 32.000000 0.4 300 8.376667 0.700000
10.706667 1250 32.000000 0.5 300 6.026667 0.610000
8.286667 1250 32.000000 0.6 300 4.426667 0.626667
6.706667 1250 32.000000 0.7 300 3.603333 0.580000
5.543333 1250 32.000000 0.8 300 2.826667 0.493333
2.746667 2500 0.125000 0.0 300 1.540000 0.353333
1.500000 2500 0.125000 0.1 300 1.176667 0.226667
1.426667 2500 0.125000 0.2 300 1.170000 0.233333
1.333333 2500 0.125000 0.3 300 1.143333 0.196667
1.260000 2500 0.125000 0.4 300 1.113333 0.156667
1.223333 2500 0.125000 0.5 300 1.083333 0.120000
1.220000 2500 0.125000 0.6 300 1.100000 0.163333
1.206667 2500 0.125000 0.7 300 1.076667 0.153333
1.160000 2500 0.125000 0.8 300 1.060000 0.103333
204.380000 2500 0.500000 0.0 300 47.893333 1.563333
5.590000 2500 0.500000 0.1 300 2.366667 0.813333
4.643333 2500 0.500000 0.2 300 2.343333 0.573333
3.076667 2500 0.500000 0.3 300 1.696667 0.500000
2.836667 2500 0.500000 0.4 300 1.603333 0.470000
2.190000 2500 0.500000 0.5 300 1.416667 0.396667
2.030000 2500 0.500000 0.6 300 1.413333 0.370000
1.763333 2500 0.500000 0.7 300 1.276667 0.273333
1.660000 2500 0.500000 0.8 300 1.243333 0.286667
1655.830000 2500 2.000000 0.0 300 632.360000 1.893333
43.953333 2500 2.000000 0.1 300 15.990000 1.133333
22.596667 2500 2.000000 0.2 300 9.320000 1.000000
12.556667 2500 2.000000 0.3 300 5.610000 0.913333
8.130000 2500 2.000000 0.4 300 3.723333 0.633333
4.963333 2500 2.000000 0.5 300 2.703333 0.696667
5.216667 2500 2.000000 0.6 300 2.556667 0.620000
3.506667 2500 2.000000 0.7 300 1.926667 0.530000
3.566667 2500 2.000000 0.8 300 1.946667 0.513333
2306.956667 2500 8.000000 0.0 300 1032.593333 1.203333
90.306667 2500 8.000000 0.1 300 39.323333 1.043333
29.096667 2500 8.000000 0.2 300 15.413333 0.916667
17.140000 2500 8.000000 0.3 300 7.466667 0.816667
14.810000 2500 8.000000 0.4 300 7.966667 0.773333
8.356667 2500 8.000000 0.5 300 4.386667 0.693333
7.993333 2500 8.000000 0.6 300 4.273333 0.660000
5.630000 2500 8.000000 0.7 300 3.130000 0.633333
5.223333 2500 8.000000 0.8 300 2.630000 0.550000
2464.226667 2500 32.000000 0.0 300 1269.946667 1.100000
99.626667 2500 32.000000 0.1 300 48.583333 0.846667
38.476667 2500 32.000000 0.2 300 18.360000 0.806667
27.570000 2500 32.000000 0.3 300 14.440000 0.770000
16.310000 2500 32.000000 0.4 300 7.800000 0.736667
10.700000 2500 32.000000 0.5 300 5.956667 0.613333
9.076667 2500 32.000000 0.6 300 4.976667 0.646667
6.543333 2500 32.000000 0.7 300 3.826667 0.586667
5.046667 2500 32.000000 0.8 300 3.056667 0.530000
3.636667 5000 0.125000 0.0 300 1.783333 0.443333
1.750000 5000 0.125000 0.1 300 1.233333 0.266667
1.393333 5000 0.125000 0.2 300 1.123333 0.196667
1.386667 5000 0.125000 0.3 300 1.160000 0.223333
1.213333 5000 0.125000 0.4 300 1.066667 0.083333
1.330000 5000 0.125000 0.5 300 1.136667 0.196667
1.236667 5000 0.125000 0.6 300 1.100000 0.170000
1.120000 5000 0.125000 0.7 300 1.036667 0.063333
1.133333 5000 0.125000 0.8 300 1.050000 0.086667
389.210000 5000 0.500000 0.0 300 87.726667 1.923333
5.650000 5000 0.500000 0.1 300 2.390000 0.680000
4.356667 5000 0.500000 0.2 300 2.030000 0.583333
3.456667 5000 0.500000 0.3 300 1.770000 0.543333
2.700000 5000 0.500000 0.4 300 1.590000 0.460000
2.300000 5000 0.500000 0.5 300 1.386667 0.393333
2.066667 5000 0.500000 0.6 300 1.406667 0.433333
1.823333 5000 0.500000 0.7 300 1.296667 0.320000
1.443333 5000 0.500000 0.8 300 1.173333 0.233333
3150.996667 5000 2.000000 0.0 300 1227.810000 1.880000
56.426667 5000 2.000000 0.1 300 22.163333 1.200000
22.750000 5000 2.000000 0.2 300 8.163333 1.000000
12.226667 5000 2.000000 0.3 300 5.433333 0.956667
9.470000 5000 2.000000 0.4 300 4.136667 0.816667
7.306667 5000 2.000000 0.5 300 3.526667 0.746667
4.720000 5000 2.000000 0.6 300 2.630000 0.583333
3.766667 5000 2.000000 0.7 300 2.120000 0.490000
3.400000 5000 2.000000 0.8 300 1.876667 0.460000
4645.430000 5000 8.000000 0.0 300 2111.130000 1.270000
87.513333 5000 8.000000 0.1 300 42.126667 1.020000
37.090000 5000 8.000000 0.2 300 17.546667 0.983333
20.196667 5000 8.000000 0.3 300 9.553333 0.856667
11.880000 5000 8.000000 0.4 300 5.426667 0.720000
9.586667 5000 8.000000 0.5 300 5.223333 0.760000
7.263333 5000 8.000000 0.6 300 4.053333 0.686667
6.280000 5000 8.000000 0.7 300 3.266667 0.603333
4.930000 5000 8.000000 0.8 300 2.913333 0.513333
4961.380000 5000 32.000000 0.0 300 2421.093333 1.066667
96.820000 5000 32.000000 0.1 300 49.373333 0.910000
43.046667 5000 32.000000 0.2 300 21.653333 0.866667
22.720000 5000 32.000000 0.3 300 11.643333 0.776667
14.673333 5000 32.000000 0.4 300 7.840000 0.703333
9.396667 5000 32.000000 0.5 300 5.400000 0.603333
8.700000 5000 32.000000 0.6 300 4.906667 0.646667
5.846667 5000 32.000000 0.7 300 3.663333 0.583333
4.876667 5000 32.000000 0.8 300 3.136667 0.526667
3.360000 10000 0.125000 0.0 300 1.646667 0.406667
1.510000 10000 0.125000 0.1 300 1.190000 0.186667
1.390000 10000 0.125000 0.2 300 1.130000 0.180000
1.410000 10000 0.125000 0.3 300 1.150000 0.203333
1.240000 10000 0.125000 0.4 300 1.090000 0.150000
1.216667 10000 0.125000 0.5 300 1.103333 0.160000
1.270000 10000 0.125000 0.6 300 1.120000 0.160000
1.186667 10000 0.125000 0.7 300 1.060000 0.110000
1.170000 10000 0.125000 0.8 300 1.076667 0.120000
777.386667 10000 0.500000 0.0 300 166.430000 2.096667
6.113333 10000 0.500000 0.1 300 2.473333 0.776667
5.093333 10000 0.500000 0.2 300 2.323333 0.656667
3.520000 10000 0.500000 0.3 300 1.793333 0.466667
2.913333 10000 0.500000 0.4 300 1.646667 0.510000
2.413333 10000 0.500000 0.5 300 1.483333 0.430000
2.096667 10000 0.500000 0.6 300 1.453333 0.350000
1.706667 10000 0.500000 0.7 300 1.290000 0.323333
1.746667 10000 0.500000 0.8 300 1.266667 0.320000
6522.016667 10000 2.000000 0.0 300 2358.086667 2.006667
43.790000 10000 2.000000 0.1 300 17.550000 1.123333
20.693333 10000 2.000000 0.2 300 8.580000 0.853333
12.120000 10000 2.000000 0.3 300 5.503333 0.896667
8.210000 10000 2.000000 0.4 300 3.750000 0.696667
6.093333 10000 2.000000 0.5 300 3.143333 0.730000
4.030000 10000 2.000000 0.6 300 2.153333 0.510000
4.116667 10000 2.000000 0.7 300 2.273333 0.576667
2.960000 10000 2.000000 0.8 300 1.766667 0.490000
9427.160000 10000 8.000000 0.0 300 4371.583333 1.330000
73.370000 10000 8.000000 0.1 300 34.550000 1.046667
37.473333 10000 8.000000 0.2 300 17.383333 0.926667
21.546667 10000 8.000000 0.3 300 10.413333 0.760000
12.146667 10000 8.000000 0.4 300 6.460000 0.736667
10.050000 10000 8.000000 0.5 300 5.193333 0.703333
7.103333 10000 8.000000 0.6 300 3.643333 0.610000
5.403333 10000 8.000000 0.7 300 3.043333 0.583333
5.086667 10000 8.000000 0.8 300 2.840000 0.606667
9890.003333 10000 32.000000 0.0 300 4548.886667 1.083333
76.613333 10000 32.000000 0.1 300 36.773333 0.920000
49.033333 10000 32.000000 0.2 300 25.346667 0.860000
24.463333 10000 32.000000 0.3 300 12.220000 0.803333
14.536667 10000 32.000000 0.4 300 7.110000 0.676667
10.143333 10000 32.000000 0.5 300 5.496667 0.636667
8.053333 10000 32.000000 0.6 300 4.620000 0.600000
5.796667 10000 32.000000 0.7 300 3.310000 0.520000
5.603333 10000 32.000000 0.8 300 3.293333 0.546667
