3.110000 625 0.125000 0.0 300 1.540000 0.473333
2.923333 625 0.125000 0.1 300 1.546667 0.403333
2.033333 625 0.125000 0.2 300 1.293333 0.300000
1.670000 625 0.125000 0.3 300 1.246667 0.250000
1.593333 625 0.125000 0.4 300 1.206667 0.213333
1.470000 625 0.125000 0.5 300 1.173333 0.180000
1.273333 625 0.125000 0.6 300 1.106667 0.160000
1.213333 625 0.125000 0.7 300 1.066667 0.126667
1.160000 625 0.125000 0.8 300 1.073333 0.106667
55.276667 625 0.500000 0.0 300 15.546667 1.333333
36.446667 625 0.500000 0.1 300 9.806667 1.210000
25.280000 625 0.500000 0.2 300 7.686667 1.126667
12.563333 625 0.500000 0.3 300 4.090000 0.803333
8.773333 625 0.500000 0.4 300 3.286667 0.650000
5.296667 625 0.500000 0.5 300 2.400000 0.630000
2.643333 625 0.500000 0.6 300 1.586667 0.396667
2.026667 625 0.500000 0.7 300 1.310000 0.256667
1.406667 625 0.500000 0.8 300 1.133333 0.136667
394.400000 625 2.000000 0.0 300 151.940000 1.623333
284.370000 625 2.000000 0.1 300 111.416667 1.720000
187.526667 625 2.000000 0.2 300 70.303333 1.540000
103.646667 625 2.000000 0.3 300 39.123333 1.350000
57.296667 625 2.000000 0.4 300 20.786667 1.076667
29.256667 625 2.000000 0.5 300 11.080000 0.926667
13.523333 625 2.000000 0.6 300 5.663333 0.700000
5.926667 625 2.000000 0.7 300 2.773333 0.480000
2.656667 625 2.000000 0.8 300 1.680000 0.300000
572.260000 625 8.000000 0.0 300 271.530000 1.226667
455.760000 625 8.000000 0.1 300 207.943333 1.236667
305.826667 625 8.000000 0.2 300 141.446667 1.180000
188.240000 625 8.000000 0.3 300 89.593333 1.146667
108.646667 625 8.000000 0.4 300 45.873333 0.966667
56.976667 625 8.000000 0.5 300 25.990000 0.860000
25.103333 625 8.000000 0.6 300 11.806667 0.763333
7.723333 625 8.000000 0.7 300 4.070000 0.543333
3.713333 625 8.000000 0.8 300 2.160000 0.366667
620.273333 625 32.000000 0.0 300 311.183333 1.070000
506.500000 625 32.000000 0.1 300 255.570000 1.066667
342.353333 625 32.000000 0.2 300 168.750000 1.010000
227.340000 625 32.000000 0.3 300 109.066667 0.956667
129.330000 625 32.000000 0.4 300 63.883333 0.833333
70.056667 625 32.000000 0.5 300 35.903333 0.756667
29.073333 625 32.000000 0.6 300 14.446667 0.636667
13.196667 625 32.000000 0.7 300 7.750000 0.513333
5.323333 625 32.000000 0.8 300 3.290000 0.373333
3.066667 1250 0.125000 0.0 300 1.556667 0.376667
3.153333 1250 0.125000 0.1 300 1.600000 0.403333
2.130000 1250 0.125000 0.2 300 1.363333 0.333333
1.616667 1250 0.125000 0.3 300 1.226667 0.216667
1.460000 1250 0.125000 0.4 300 1.140000 0.193333
1.463333 1250 0.125000 0.5 300 1.130000 0.133333
1.333333 1250 0.125000 0.6 300 1.126667 0.173333
1.223333 1250 0.125000 0.7 300 1.053333 0.116667
1.170000 1250 0.125000 0.8 300 1.063333 0.116667
91.066667 1250 0.500000 0.0 300 23.970000 1.523333
68.110000 1250 0.500000 0.1 300 18.496667 1.233333
35.353333 1250 0.500000 0.2 300 10.110000 0.993333
19.133333 1250 0.500000 0.3 300 5.836667 0.786667
13.083333 1250 0.500000 0.4 300 4.296667 0.860000
7.260000 1250 0.500000 0.5 300 2.993333 0.563333
3.976667 1250 0.500000 0.6 300 2.053333 0.520000
2.046667 1250 0.500000 0.7 300 1.286667 0.253333
1.536667 1250 0.500000 0.8 300 1.203333 0.203333
825.923333 1250 2.000000 0.0 300 329.070000 1.940000
538.276667 1250 2.000000 0.1 300 200.500000 1.673333
334.336667 1250 2.000000 0.2 300 124.756667 1.693333
184.976667 1250 2.000000 0.3 300 68.496667 1.386667
70.163333 1250 2.000000 0.4 300 25.990000 0.970000
39.576667 1250 2.000000 0.5 300 15.170000 0.883333
20.593333 1250 2.000000 0.6 300 7.676667 0.723333
7.193333 1250 2.000000 0.7 300 3.440000 0.553333
3.406667 1250 2.000000 0.8 300 2.086667 0.376667
1166.750000 1250 8.000000 0.0 300 529.896667 1.243333
887.240000 1250 8.000000 0.1 300 393.873333 1.253333
590.826667 1250 8.000000 0.2 300 274.490000 1.183333
342.233333 1250 8.000000 0.3 300 163.366667 1.073333
168.100000 1250 8.000000 0.4 300 78.730000 0.946667
101.803333 1250 8.000000 0.5 300 47.080000 0.910000
36.050000 1250 8.000000 0.6 300 17.040000 0.786667
13.760000 1250 8.000000 0.7 300 6.823333 0.460000
4.886667 1250 8.000000 0.8 300 2.700000 0.313333
1236.233333 1250 32.000000 0.0 300 628.480000 1.043333
1009.030000 1250 32.000000 0.1 300 471.606667 1.050000
662.666667 1250 32.000000 0.2 300 317.476667 1.010000
396.036667 1250 32.000000 0.3 300 191.186667 0.950000
219.976667 1250 32.000000 0.4 300 117.303333 0.870000
94.350000 1250 32.000000 0.5 300 48.910000 0.803333
46.096667 1250 32.000000 0.6 300 23.980000 0.730000
17.233333 1250 32.000000 0.7 300 8.743333 0.536667
5.586667 1250 32.000000 0.8 300 3.126667 0.293333
3.810000 2500 0.125000 0.0 300 1.826667 0.430000
2.410000 2500 0.125000 0.1 300 1.400000 0.310000
3.263333 2500 0.125000 0.2 300 1.713333 0.373333
2.153333 2500 0.125000 0.3 300 1.336667 0.296667
1.633333 2500 0.125000 0.4 300 1.253333 0.243333
1.343333 2500 0.125000 0.5 300 1.160000 0.180000
1.370000 2500 0.125000 0.6 300 1.176667 0.183333
1.093333 2500 0.125000 0.7 300 1.040000 0.066667
1.130000 2500 0.125000 0.8 300 1.043333 0.066667
223.996667 2500 0.500000 0.0 300 55.676667 1.800000
113.873333 2500 0.500000 0.1 300 28.503333 1.403333
51.070000 2500 0.500000 0.2 300 14.866667 1.060000
36.083333 2500 0.500000 0.3 300 10.316667 0.903333
18.600000 2500 0.500000 0.4 300 5.953333 0.760000
8.770000 2500 0.500000 0.5 300 3.376667 0.520000
3.420000 2500 0.500000 0.6 300 1.803333 0.406667
2.056667 2500 0.500000 0.7 300 1.370000 0.253333
1.686667 2500 0.500000 0.8 300 1.276667 0.226667
1624.183333 2500 2.000000 0.0 300 617.573333 1.950000
966.983333 2500 2.000000 0.1 300 361.226667 1.616667
645.383333 2500 2.000000 0.2 300 242.976667 1.720000
303.636667 2500 2.000000 0.3 300 114.026667 1.296667
141.530000 2500 2.000000 0.4 300 52.073333 1.186667
54.693333 2500 2.000000 0.5 300 20.190000 0.840000
27.206667 2500 2.000000 0.6 300 11.436667 0.860000
6.050000 2500 2.000000 0.7 300 2.830000 0.470000
3.463333 2500 2.000000 0.8 300 1.870000 0.363333
2424.430000 2500 8.000000 0.0 300 1131.726667 1.293333
1704.206667 2500 8.000000 0.1 300 803.746667 1.300000
1029.126667 2500 8.000000 0.2 300 495.693333 1.163333
650.290000 2500 8.000000 0.3 300 301.586667 1.153333
347.130000 2500 8.000000 0.4 300 167.810000 0.986667
122.396667 2500 8.000000 0.5 300 60.263333 0.890000
52.020000 2500 8.000000 0.6 300 24.463333 0.690000
19.056667 2500 8.000000 0.7 300 9.720000 0.616667
6.360000 2500 8.000000 0.8 300 3.566667 0.340000
2438.926667 2500 32.000000 0.0 300 1224.823333 1.050000
1937.453333 2500 32.000000 0.1 300 982.373333 1.053333
1307.020000 2500 32.000000 0.2 300 610.866667 1.013333
728.923333 2500 32.000000 0.3 300 346.686667 0.973333
357.900000 2500 32.000000 0.4 300 165.696667 0.846667
166.456667 2500 32.000000 0.5 300 79.903333 0.730000
74.856667 2500 32.000000 0.6 300 35.930000 0.630000
25.546667 2500 32.000000 0.7 300 13.636667 0.563333
6.590000 2500 32.000000 0.8 300 3.370000 0.293333
4.103333 5000 0.125000 0.0 300 1.950000 0.423333
2.653333 5000 0.125000 0.1 300 1.540000 0.403333
2.916667 5000 0.125000 0.2 300 1.610000 0.276667
1.633333 5000 0.125000 0.3 300 1.200000 0.246667
1.373333 5000 0.125000 0.4 300 1.146667 0.160000
1.563333 5000 0.125000 0.5 300 1.183333 0.163333
1.210000 5000 0.125000 0.6 300 1.063333 0.103333
1.210000 5000 0.125000 0.7 300 1.086667 0.146667
1.116667 5000 0.125000 0.8 300 1.046667 0.083333
359.070000 5000 0.500000 0.0 300 79.053333 1.773333
208.796667 5000 0.500000 0.1 300 49.656667 1.636667
69.330000 5000 0.500000 0.2 300 18.746667 0.930000
40.623333 5000 0.500000 0.3 300 10.846667 0.883333
26.513333 5000 0.500000 0.4 300 7.976667 0.846667
8.006667 5000 0.500000 0.5 300 3.126667 0.606667
4.913333 5000 0.500000 0.6 300 2.156667 0.396667
2.626667 5000 0.500000 0.7 300 1.596667 0.343333
1.823333 5000 0.500000 0.8 300 1.276667 0.226667
3325.156667 5000 2.000000 0.0 300 1183.920000 2.036667
2060.483333 5000 2.000000 0.1 300 735.160000 1.883333
1072.933333 5000 2.000000 0.2 300 378.326667 1.693333
516.453333 5000 2.000000 0.3 300 195.726667 1.393333
203.566667 5000 2.000000 0.4 300 74.696667 1.130000
90.313333 5000 2.000000 0.5 300 34.060000 0.956667
29.843333 5000 2.000000 0.6 300 11.686667 0.696667
12.753333 5000 2.000000 0.7 300 4.973333 0.573333
3.856667 5000 2.000000 0.8 300 2.206667 0.323333
4662.046667 5000 8.000000 0.0 300 2226.793333 1.326667
3509.983333 5000 8.000000 0.1 300 1618.450000 1.336667
2061.110000 5000 8.000000 0.2 300 926.366667 1.263333
1152.646667 5000 8.000000 0.3 300 514.026667 1.146667
556.290000 5000 8.000000 0.4 300 267.690000 1.026667
227.443333 5000 8.000000 0.5 300 102.330000 0.870000
84.240000 5000 8.000000 0.6 300 37.040000 0.703333
25.806667 5000 8.000000 0.7 300 11.446667 0.533333
7.553333 5000 8.000000 0.8 300 3.416667 0.343333
4945.290000 5000 32.000000 0.0 300 2281.910000 1.063333
3885.853333 5000 32.000000 0.1 300 1842.470000 1.070000
2556.323333 5000 32.000000 0.2 300 1287.650000 1.076667
1395.156667 5000 32.000000 0.3 300 657.763333 0.986667
627.313333 5000 32.000000 0.4 300 297.400000 0.863333
270.250000 5000 32.000000 0.5 300 127.693333 0.776667
107.943333 5000 32.000000 0.6 300 52.123333 0.666667
27.873333 5000 32.000000 0.7 300 13.676667 0.486667
11.550000 5000 32.000000 0.8 300 6.933333 0.370000
2.686667 10000 0.125000 0.0 300 1.506667 0.343333
2.450000 10000 0.125000 0.1 300 1.430000 0.260000
2.123333 10000 0.125000 0.2 300 1.383333 0.290000
2.076667 10000 0.125000 0.3 300 1.326667 0.300000
1.476667 10000 0.125000 0.4 300 1.176667 0.233333
1.386667 10000 0.125000 0.5 300 1.136667 0.153333
1.396667 10000 0.125000 0.6 300 1.170000 0.173333
1.256667 10000 0.125000 0.7 300 1.100000 0.093333
1.063333 10000 0.125000 0.8 300 1.016667 0.026667
706.093333 10000 0.500000 0.0 300 153.770000 1.913333
297.626667 10000 0.500000 0.1 300 70.980000 1.376667
168.226667 10000 0.500000 0.2 300 38.826667 1.243333
71.626667 10000 0.500000 0.3 300 18.210000 1.080000
28.620000 10000 0.500000 0.4 300 8.463333 0.716667
9.356667 10000 0.500000 0.5 300 2.996667 0.533333
6.650000 10000 0.500000 0.6 300 2.613333 0.490000
2.773333 10000 0.500000 0.7 300 1.560000 0.366667
1.470000 10000 0.500000 0.8 300 1.163333 0.176667
6916.913333 10000 2.000000 0.0 300 2612.133333 2.156667
4200.903333 10000 2.000000 0.1 300 1449.493333 1.943333
2276.843333 10000 2.000000 0.2 300 809.800000 1.890000
1005.920000 10000 2.000000 0.3 300 360.483333 1.670000
401.016667 10000 2.000000 0.4 300 146.873333 1.333333
134.743333 10000 2.000000 0.5 300 47.163333 0.993333
46.046667 10000 2.000000 0.6 300 17.736667 0.823333
14.413333 10000 2.000000 0.7 300 4.633333 0.550000
6.010000 10000 2.000000 0.8 300 2.823333 0.403333
9261.576667 10000 8.000000 0.0 300 4333.270000 1.240000
7040.620000 10000 8.000000 0.1 300 3007.146667 1.323333
4521.436667 10000 8.000000 0.2 300 2085.166667 1.280000
2332.990000 10000 8.000000 0.3 300 1021.736667 1.210000
1007.146667 10000 8.000000 0.4 300 437.756667 1.103333
351.310000 10000 8.000000 0.5 300 167.470000 0.843333
133.496667 10000 8.000000 0.6 300 62.190000 0.710000
47.013333 10000 8.000000 0.7 300 21.883333 0.580000
12.613333 10000 8.000000 0.8 300 6.566667 0.413333
9988.403333 10000 32.000000 0.0 300 4929.463333 1.100000
7461.410000 10000 32.000000 0.1 300 3791.473333 1.093333
5005.660000 10000 32.000000 0.2 300 2508.996667 1.073333
2651.403333 10000 32.000000 0.3 300 1325.990000 1.003333
1273.186667 10000 32.000000 0.4 300 583.040000 0.956667
412.636667 10000 32.000000 0.5 300 198.873333 0.820000
194.780000 10000 32.000000 0.6 300 91.230000 0.693333
37.803333 10000 32.000000 0.7 300 22.260000 0.520000
9.320000 10000 32.000000 0.8 300 4.636667 0.370000
