1.353333 10000 0.031250 0.0 300 1.113333 0.126667
1.070000 10000 0.031250 0.1 300 1.036667 0.053333
1.063333 10000 0.031250 0.2 300 1.036667 0.056667
1.070000 10000 0.031250 0.3 300 1.023333 0.040000
1.063333 10000 0.031250 0.4 300 1.023333 0.050000
1.073333 10000 0.031250 0.5 300 1.033333 0.053333
1.043333 10000 0.031250 0.6 300 1.023333 0.046667
1.030000 10000 0.031250 0.7 300 1.020000 0.040000
1.020000 10000 0.031250 0.8 300 1.010000 0.020000
2.080000 10000 0.062500 0.0 300 1.346667 0.226667
1.253333 10000 0.062500 0.1 300 1.093333 0.140000
1.183333 10000 0.062500 0.2 300 1.080000 0.150000
1.153333 10000 0.062500 0.3 300 1.070000 0.110000
1.120000 10000 0.062500 0.4 300 1.063333 0.123333
1.073333 10000 0.062500 0.5 300 1.036667 0.060000
1.076667 10000 0.062500 0.6 300 1.033333 0.063333
1.070000 10000 0.062500 0.7 300 1.023333 0.046667
1.026667 10000 0.062500 0.8 300 1.010000 0.016667
5.456667 10000 0.125000 0.0 300 2.120000 0.390000
1.610000 10000 0.125000 0.1 300 1.230000 0.266667
1.600000 10000 0.125000 0.2 300 1.236667 0.296667
1.390000 10000 0.125000 0.3 300 1.170000 0.290000
1.306667 10000 0.125000 0.4 300 1.153333 0.240000
1.146667 10000 0.125000 0.5 300 1.073333 0.116667
1.156667 10000 0.125000 0.6 300 1.073333 0.106667
1.096667 10000 0.125000 0.7 300 1.046667 0.083333
1.046667 10000 0.125000 0.8 300 1.033333 0.050000
190.956667 10000 0.250000 0.0 300 29.396667 1.093333
7.723333 10000 0.250000 0.1 300 2.346667 0.596667
2.576667 10000 0.250000 0.2 300 1.463333 0.433333
1.773333 10000 0.250000 0.3 300 1.283333 0.300000
1.610000 10000 0.250000 0.4 300 1.246667 0.310000
1.360000 10000 0.250000 0.5 300 1.130000 0.163333
1.286667 10000 0.250000 0.6 300 1.100000 0.143333
1.220000 10000 0.250000 0.7 300 1.080000 0.130000
1.156667 10000 0.250000 0.8 300 1.083333 0.136667
2168.140000 10000 0.500000 0.0 300 516.960000 2.543333
486.853333 10000 0.500000 0.1 300 62.246667 2.740000
45.330000 10000 0.500000 0.2 300 6.923333 1.570000
6.133333 10000 0.500000 0.3 300 2.193333 0.676667
3.173333 10000 0.500000 0.4 300 1.620000 0.536667
1.966667 10000 0.500000 0.5 300 1.300000 0.326667
1.716667 10000 0.500000 0.6 300 1.276667 0.370000
1.350000 10000 0.500000 0.7 300 1.126667 0.156667
1.316667 10000 0.500000 0.8 300 1.146667 0.203333
4842.816667 10000 1.000000 0.0 300 1581.230000 2.023333
2752.300000 10000 1.000000 0.1 300 713.920000 2.710000
1005.360000 10000 1.000000 0.2 300 187.850000 2.506667
276.526667 10000 1.000000 0.3 300 38.466667 2.290000
17.763333 10000 1.000000 0.4 300 3.976667 0.986667
4.506667 10000 1.000000 0.5 300 1.933333 0.570000
2.980000 10000 1.000000 0.6 300 1.630000 0.530000
1.616667 10000 1.000000 0.7 300 1.200000 0.260000
1.443333 10000 1.000000 0.8 300 1.153333 0.163333
7362.243333 10000 2.000000 0.0 300 2884.470000 1.663333
5011.810000 10000 2.000000 0.1 300 1880.060000 2.153333
3018.350000 10000 2.000000 0.2 300 978.646667 2.336667
1713.316667 10000 2.000000 0.3 300 454.003333 2.730000
490.100000 10000 2.000000 0.4 300 90.200000 2.520000
43.473333 10000 2.000000 0.5 300 8.030000 1.203333
6.940000 10000 2.000000 0.6 300 2.620000 0.653333
3.026667 10000 2.000000 0.7 300 1.773333 0.513333
1.826667 10000 2.000000 0.8 300 1.403333 0.353333
8680.486667 10000 4.000000 0.0 300 4048.043333 1.403333
6359.643333 10000 4.000000 0.1 300 2771.736667 1.613333
4960.100000 10000 4.000000 0.2 300 1983.983333 1.986667
3372.013333 10000 4.000000 0.3 300 1297.086667 2.136667
1403.973333 10000 4.000000 0.4 300 433.386667 1.750000
375.876667 10000 4.000000 0.5 300 89.910000 1.743333
19.433333 10000 4.000000 0.6 300 6.203333 0.700000
3.723333 10000 4.000000 0.7 300 2.206667 0.406667
2.180000 10000 4.000000 0.8 300 1.460000 0.290000
9500.273333 10000 8.000000 0.0 300 4787.493333 1.196667
7560.130000 10000 8.000000 0.1 300 3501.773333 1.266667
5586.696667 10000 8.000000 0.2 300 2561.740000 1.353333
3641.193333 10000 8.000000 0.3 300 1642.560000 1.333333
2264.856667 10000 8.000000 0.4 300 956.113333 1.493333
752.576667 10000 8.000000 0.5 300 268.843333 1.316667
66.150000 10000 8.000000 0.6 300 20.970000 0.800000
6.956667 10000 8.000000 0.7 300 3.280000 0.513333
2.386667 10000 8.000000 0.8 300 1.670000 0.346667
9682.033333 10000 16.000000 0.0 300 4872.130000 1.116667
8099.520000 10000 16.000000 0.1 300 3835.876667 1.243333
6359.960000 10000 16.000000 0.2 300 2907.816667 1.200000
4309.830000 10000 16.000000 0.3 300 1906.726667 1.156667
2428.986667 10000 16.000000 0.4 300 1070.513333 1.060000
1109.403333 10000 16.000000 0.5 300 468.356667 1.053333
126.546667 10000 16.000000 0.6 300 49.976667 0.733333
8.733333 10000 16.000000 0.7 300 4.233333 0.533333
2.523333 10000 16.000000 0.8 300 1.716667 0.296667
9895.080000 10000 32.000000 0.0 300 4648.716667 1.053333
8290.863333 10000 32.000000 0.1 300 4075.050000 1.086667
6630.306667 10000 32.000000 0.2 300 3314.340000 1.066667
4654.333333 10000 32.000000 0.3 300 2313.450000 1.030000
2793.166667 10000 32.000000 0.4 300 1380.446667 0.963333
1305.493333 10000 32.000000 0.5 300 643.826667 0.920000
198.130000 10000 32.000000 0.6 300 87.276667 0.780000
8.213333 10000 32.000000 0.7 300 4.493333 0.526667
2.440000 10000 32.000000 0.8 300 1.706667 0.316667
