1.116667 10000 0.031250 0.0 300 1.040000 0.076667
1.163333 10000 0.031250 0.1 300 1.060000 0.113333
1.106667 10000 0.031250 0.2 300 1.043333 0.090000
1.100000 10000 0.031250 0.3 300 1.056667 0.110000
1.073333 10000 0.031250 0.4 300 1.036667 0.066667
1.093333 10000 0.031250 0.5 300 1.026667 0.066667
1.043333 10000 0.031250 0.6 300 1.013333 0.023333
1.056667 10000 0.031250 0.7 300 1.026667 0.040000
1.066667 10000 0.031250 0.8 300 1.030000 0.053333
1.550000 10000 0.062500 0.0 300 1.170000 0.183333
1.343333 10000 0.062500 0.1 300 1.160000 0.166667
1.250000 10000 0.062500 0.2 300 1.093333 0.150000
1.126667 10000 0.062500 0.3 300 1.040000 0.080000
1.166667 10000 0.062500 0.4 300 1.046667 0.066667
1.220000 10000 0.062500 0.5 300 1.076667 0.133333
1.190000 10000 0.062500 0.6 300 1.073333 0.110000
1.090000 10000 0.062500 0.7 300 1.040000 0.073333
1.146667 10000 0.062500 0.8 300 1.056667 0.080000
3.526667 10000 0.125000 0.0 300 1.776667 0.493333
1.876667 10000 0.125000 0.1 300 1.243333 0.296667
1.733333 10000 0.125000 0.2 300 1.236667 0.283333
1.483333 10000 0.125000 0.3 300 1.173333 0.200000
1.370000 10000 0.125000 0.4 300 1.126667 0.176667
1.466667 10000 0.125000 0.5 300 1.153333 0.216667
1.276667 10000 0.125000 0.6 300 1.123333 0.186667
1.226667 10000 0.125000 0.7 300 1.076667 0.106667
1.280000 10000 0.125000 0.8 300 1.090000 0.140000
57.950000 10000 0.250000 0.0 300 12.360000 0.956667
4.266667 10000 0.250000 0.1 300 1.993333 0.630000
4.140000 10000 0.250000 0.2 300 1.833333 0.556667
2.696667 10000 0.250000 0.3 300 1.473333 0.406667
3.020000 10000 0.250000 0.4 300 1.613333 0.410000
2.086667 10000 0.250000 0.5 300 1.346667 0.323333
2.123333 10000 0.250000 0.6 300 1.356667 0.390000
2.183333 10000 0.250000 0.7 300 1.433333 0.416667
1.570000 10000 0.250000 0.8 300 1.196667 0.280000
618.286667 10000 0.500000 0.0 300 138.226667 1.686667
33.500000 10000 0.500000 0.1 300 9.220000 1.046667
17.106667 10000 0.500000 0.2 300 5.413333 0.856667
9.830000 10000 0.500000 0.3 300 3.203333 0.733333
7.726667 10000 0.500000 0.4 300 3.126667 0.726667
4.193333 10000 0.500000 0.5 300 2.090000 0.566667
4.436667 10000 0.500000 0.6 300 2.153333 0.646667
3.823333 10000 0.500000 0.7 300 1.946667 0.553333
2.483333 10000 0.500000 0.8 300 1.503333 0.443333
3686.353333 10000 1.000000 0.0 300 1107.090000 2.656667
144.520000 10000 1.000000 0.1 300 44.336667 1.443333
32.240000 10000 1.000000 0.2 300 10.506667 1.116667
23.536667 10000 1.000000 0.3 300 7.383333 0.946667
22.550000 10000 1.000000 0.4 300 7.496667 1.063333
13.230000 10000 1.000000 0.5 300 4.930000 0.750000
8.770000 10000 1.000000 0.6 300 3.236667 0.596667
5.653333 10000 1.000000 0.7 300 2.693333 0.603333
5.323333 10000 1.000000 0.8 300 2.456667 0.660000
6582.580000 10000 2.000000 0.0 300 2446.046667 2.053333
283.590000 10000 2.000000 0.1 300 98.050000 1.400000
88.846667 10000 2.000000 0.2 300 35.580000 1.170000
45.610000 10000 2.000000 0.3 300 18.443333 1.140000
34.650000 10000 2.000000 0.4 300 13.993333 0.956667
13.406667 10000 2.000000 0.5 300 6.030000 0.836667
18.240000 10000 2.000000 0.6 300 7.790000 0.996667
11.253333 10000 2.000000 0.7 300 4.690000 0.786667
6.576667 10000 2.000000 0.8 300 3.000000 0.630000
8431.193333 10000 4.000000 0.0 300 3675.753333 1.570000
358.580000 10000 4.000000 0.1 300 149.976667 1.250000
144.973333 10000 4.000000 0.2 300 64.856667 1.210000
82.856667 10000 4.000000 0.3 300 35.176667 1.026667
46.416667 10000 4.000000 0.4 300 21.276667 1.020000
24.376667 10000 4.000000 0.5 300 11.333333 0.863333
22.106667 10000 4.000000 0.6 300 11.333333 0.836667
17.473333 10000 4.000000 0.7 300 8.143333 0.823333
10.913333 10000 4.000000 0.8 300 5.546667 0.683333
9386.690000 10000 8.000000 0.0 300 4709.836667 1.303333
496.503333 10000 8.000000 0.1 300 229.876667 1.106667
148.596667 10000 8.000000 0.2 300 65.310000 1.050000
98.816667 10000 8.000000 0.3 300 45.403333 0.993333
45.370000 10000 8.000000 0.4 300 21.460000 0.903333
38.116667 10000 8.000000 0.5 300 17.963333 0.823333
26.540000 10000 8.000000 0.6 300 11.583333 0.766667
19.910000 10000 8.000000 0.7 300 10.840000 0.703333
12.450000 10000 8.000000 0.8 300 7.080000 0.626667
9728.663333 10000 16.000000 0.0 300 4588.330000 1.163333
508.623333 10000 16.000000 0.1 300 244.490000 1.010000
139.896667 10000 16.000000 0.2 300 57.836667 0.986667
109.293333 10000 16.000000 0.3 300 49.770000 0.906667
65.166667 10000 16.000000 0.4 300 28.993333 0.896667
49.333333 10000 16.000000 0.5 300 24.540000 0.866667
28.693333 10000 16.000000 0.6 300 12.653333 0.733333
16.296667 10000 16.000000 0.7 300 8.603333 0.676667
11.863333 10000 16.000000 0.8 300 6.263333 0.623333
9790.280000 10000 32.000000 0.0 300 4955.493333 1.083333
517.136667 10000 32.000000 0.1 300 271.233333 1.006667
198.780000 10000 32.000000 0.2 300 107.746667 0.913333
137.593333 10000 32.000000 0.3 300 63.370000 0.900000
78.106667 10000 32.000000 0.4 300 36.906667 0.890000
40.510000 10000 32.000000 0.5 300 19.270000 0.763333
33.276667 10000 32.000000 0.6 300 17.536667 0.756667
22.313333 10000 32.000000 0.7 300 12.000000 0.726667
11.720000 10000 32.000000 0.8 300 6.306667 0.690000
