1 625 0.031250 0 10
1 625 0.031250 0 10
1 625 0.031250 0 10
1 625 0.031250 0 10
1 625 0.031250 0 10
1 625 0.031250 0 10
1 625 0.031250 0 10
1 625 0.031250 0 10
1 625 0.031250 0 10
1 625 0.062500 0 10
1 625 0.062500 0 10
1 625 0.062500 0 10
1 625 0.062500 0 10
1 625 0.062500 0 10
1 625 0.062500 0 10
1 625 0.062500 0 10
1 625 0.062500 0 10
1 625 0.062500 0 10
5 625 0.125000 0 10
1 625 0.125000 0 10
1 625 0.125000 0 10
1 625 0.125000 0 10
1 625 0.125000 0 10
1 625 0.125000 0 10
1 625 0.125000 0 10
1 625 0.125000 0 10
1 625 0.125000 0 10
60 625 0.250000 0 10
2 625 0.250000 0 10
1 625 0.250000 0 10
5 625 0.250000 0 10
2 625 0.250000 0 10
1 625 0.250000 0 10
1 625 0.250000 0 10
1 625 0.250000 0 10
3 625 0.250000 0 10
61 625 0.500000 0 10
2 625 0.500000 0 10
6 625 0.500000 0 10
1 625 0.500000 0 10
10 625 0.500000 0 10
5 625 0.500000 0 10
4 625 0.500000 0 10
4 625 0.500000 0 10
1 625 0.500000 0 10
238 625 1.000000 0 10
38 625 1.000000 0 10
52 625 1.000000 0 10
9 625 1.000000 0 10
40 625 1.000000 0 10
33 625 1.000000 0 10
51 625 1.000000 0 10
62 625 1.000000 0 10
12 625 1.000000 0 10
451 625 2.000000 0 10
242 625 2.000000 0 10
79 625 2.000000 0 10
62 625 2.000000 0 10
224 625 2.000000 0 10
97 625 2.000000 0 10
152 625 2.000000 0 10
77 625 2.000000 0 10
118 625 2.000000 0 10
549 625 4.000000 0 10
361 625 4.000000 0 10
314 625 4.000000 0 10
303 625 4.000000 0 10
287 625 4.000000 0 10
286 625 4.000000 0 10
216 625 4.000000 0 10
258 625 4.000000 0 10
188 625 4.000000 0 10
620 625 8.000000 0 10
414 625 8.000000 0 10
195 625 8.000000 0 10
154 625 8.000000 0 10
326 625 8.000000 0 10
228 625 8.000000 0 10
391 625 8.000000 0 10
351 625 8.000000 0 10
334 625 8.000000 0 10
560 625 16.000000 0 10
509 625 16.000000 0 10
306 625 16.000000 0 10
384 625 16.000000 0 10
351 625 16.000000 0 10
447 625 16.000000 0 10
391 625 16.000000 0 10
327 625 16.000000 0 10
325 625 16.000000 0 10
623 625 32.000000 0 10
455 625 32.000000 0 10
165 625 32.000000 0 10
283 625 32.000000 0 10
393 625 32.000000 0 10
383 625 32.000000 0 10
325 625 32.000000 0 10
384 625 32.000000 0 10
345 625 32.000000 0 10
1 1250 0.031250 0 10
1 1250 0.031250 0 10
1 1250 0.031250 0 10
1 1250 0.031250 0 10
1 1250 0.031250 0 10
1 1250 0.031250 0 10
1 1250 0.031250 0 10
1 1250 0.031250 0 10
1 1250 0.031250 0 10
1 1250 0.062500 0 10
1 1250 0.062500 0 10
1 1250 0.062500 0 10
1 1250 0.062500 0 10
1 1250 0.062500 0 10
1 1250 0.062500 0 10
1 1250 0.062500 0 10
1 1250 0.062500 0 10
1 1250 0.062500 0 10
2 1250 0.125000 0 10
1 1250 0.125000 0 10
1 1250 0.125000 0 10
1 1250 0.125000 0 10
1 1250 0.125000 0 10
1 1250 0.125000 0 10
1 1250 0.125000 0 10
2 1250 0.125000 0 10
1 1250 0.125000 0 10
51 1250 0.250000 0 10
2 1250 0.250000 0 10
4 1250 0.250000 0 10
1 1250 0.250000 0 10
1 1250 0.250000 0 10
1 1250 0.250000 0 10
2 1250 0.250000 0 10
4 1250 0.250000 0 10
1 1250 0.250000 0 10
323 1250 0.500000 0 10
16 1250 0.500000 0 10
42 1250 0.500000 0 10
2 1250 0.500000 0 10
7 1250 0.500000 0 10
9 1250 0.500000 0 10
3 1250 0.500000 0 10
37 1250 0.500000 0 10
7 1250 0.500000 0 10
767 1250 1.000000 0 10
37 1250 1.000000 0 10
167 1250 1.000000 0 10
36 1250 1.000000 0 10
64 1250 1.000000 0 10
73 1250 1.000000 0 10
170 1250 1.000000 0 10
240 1250 1.000000 0 10
59 1250 1.000000 0 10
919 1250 2.000000 0 10
476 1250 2.000000 0 10
311 1250 2.000000 0 10
311 1250 2.000000 0 10
326 1250 2.000000 0 10
453 1250 2.000000 0 10
103 1250 2.000000 0 10
427 1250 2.000000 0 10
325 1250 2.000000 0 10
1092 1250 4.000000 0 10
624 1250 4.000000 0 10
421 1250 4.000000 0 10
546 1250 4.000000 0 10
719 1250 4.000000 0 10
486 1250 4.000000 0 10
789 1250 4.000000 0 10
436 1250 4.000000 0 10
746 1250 4.000000 0 10
1114 1250 8.000000 0 10
716 1250 8.000000 0 10
807 1250 8.000000 0 10
608 1250 8.000000 0 10
792 1250 8.000000 0 10
914 1250 8.000000 0 10
769 1250 8.000000 0 10
847 1250 8.000000 0 10
828 1250 8.000000 0 10
1121 1250 16.000000 0 10
822 1250 16.000000 0 10
773 1250 16.000000 0 10
726 1250 16.000000 0 10
725 1250 16.000000 0 10
764 1250 16.000000 0 10
883 1250 16.000000 0 10
622 1250 16.000000 0 10
664 1250 16.000000 0 10
1124 1250 32.000000 0 10
952 1250 32.000000 0 10
741 1250 32.000000 0 10
663 1250 32.000000 0 10
989 1250 32.000000 0 10
801 1250 32.000000 0 10
948 1250 32.000000 0 10
702 1250 32.000000 0 10
791 1250 32.000000 0 10
1 2500 0.031250 0 10
1 2500 0.031250 0 10
1 2500 0.031250 0 10
1 2500 0.031250 0 10
1 2500 0.031250 0 10
1 2500 0.031250 0 10
1 2500 0.031250 0 10
1 2500 0.031250 0 10
1 2500 0.031250 0 10
1 2500 0.062500 0 10
1 2500 0.062500 0 10
1 2500 0.062500 0 10
1 2500 0.062500 0 10
1 2500 0.062500 0 10
1 2500 0.062500 0 10
1 2500 0.062500 0 10
1 2500 0.062500 0 10
1 2500 0.062500 0 10
1 2500 0.125000 0 10
1 2500 0.125000 0 10
1 2500 0.125000 0 10
1 2500 0.125000 0 10
1 2500 0.125000 0 10
1 2500 0.125000 0 10
1 2500 0.125000 0 10
3 2500 0.125000 0 10
2 2500 0.125000 0 10
147 2500 0.250000 0 10
3 2500 0.250000 0 10
2 2500 0.250000 0 10
2 2500 0.250000 0 10
4 2500 0.250000 0 10
3 2500 0.250000 0 10
1 2500 0.250000 0 10
2 2500 0.250000 0 10
1 2500 0.250000 0 10
387 2500 0.500000 0 10
41 2500 0.500000 0 10
32 2500 0.500000 0 10
21 2500 0.500000 0 10
4 2500 0.500000 0 10
4 2500 0.500000 0 10
41 2500 0.500000 0 10
4 2500 0.500000 0 10
3 2500 0.500000 0 10
1710 2500 1.000000 0 10
215 2500 1.000000 0 10
238 2500 1.000000 0 10
135 2500 1.000000 0 10
141 2500 1.000000 0 10
268 2500 1.000000 0 10
657 2500 1.000000 0 10
386 2500 1.000000 0 10
361 2500 1.000000 0 10
1855 2500 2.000000 0 10
735 2500 2.000000 0 10
822 2500 2.000000 0 10
978 2500 2.000000 0 10
809 2500 2.000000 0 10
881 2500 2.000000 0 10
754 2500 2.000000 0 10
1024 2500 2.000000 0 10
539 2500 2.000000 0 10
2428 2500 4.000000 0 10
1904 2500 4.000000 0 10
1807 2500 4.000000 0 10
909 2500 4.000000 0 10
921 2500 4.000000 0 10
1100 2500 4.000000 0 10
1583 2500 4.000000 0 10
1398 2500 4.000000 0 10
1138 2500 4.000000 0 10
2232 2500 8.000000 0 10
1624 2500 8.000000 0 10
1354 2500 8.000000 0 10
1559 2500 8.000000 0 10
1330 2500 8.000000 0 10
1664 2500 8.000000 0 10
1439 2500 8.000000 0 10
1492 2500 8.000000 0 10
1795 2500 8.000000 0 10
2493 2500 16.000000 0 10
2054 2500 16.000000 0 10
1683 2500 16.000000 0 10
1853 2500 16.000000 0 10
1437 2500 16.000000 0 10
1697 2500 16.000000 0 10
1792 2500 16.000000 0 10
1646 2500 16.000000 0 10
1820 2500 16.000000 0 10
2497 2500 32.000000 0 10
2114 2500 32.000000 0 10
1492 2500 32.000000 0 10
1777 2500 32.000000 0 10
1927 2500 32.000000 0 10
1899 2500 32.000000 0 10
1800 2500 32.000000 0 10
1550 2500 32.000000 0 10
2161 2500 32.000000 0 10
1 5000 0.031250 0 10
1 5000 0.031250 0 10
1 5000 0.031250 0 10
1 5000 0.031250 0 10
1 5000 0.031250 0 10
1 5000 0.031250 0 10
1 5000 0.031250 0 10
1 5000 0.031250 0 10
1 5000 0.031250 0 10
1 5000 0.062500 0 10
1 5000 0.062500 0 10
1 5000 0.062500 0 10
1 5000 0.062500 0 10
1 5000 0.062500 0 10
1 5000 0.062500 0 10
1 5000 0.062500 0 10
1 5000 0.062500 0 10
1 5000 0.062500 0 10
1 5000 0.125000 0 10
1 5000 0.125000 0 10
1 5000 0.125000 0 10
1 5000 0.125000 0 10
1 5000 0.125000 0 10
1 5000 0.125000 0 10
1 5000 0.125000 0 10
1 5000 0.125000 0 10
1 5000 0.125000 0 10
1 5000 0.250000 0 10
1 5000 0.250000 0 10
2 5000 0.250000 0 10
4 5000 0.250000 0 10
2 5000 0.250000 0 10
1 5000 0.250000 0 10
6 5000 0.250000 0 10
2 5000 0.250000 0 10
11 5000 0.250000 0 10
1285 5000 0.500000 0 10
1 5000 0.500000 0 10
4 5000 0.500000 0 10
24 5000 0.500000 0 10
126 5000 0.500000 0 10
13 5000 0.500000 0 10
63 5000 0.500000 0 10
39 5000 0.500000 0 10
19 5000 0.500000 0 10
1924 5000 1.000000 0 10
767 5000 1.000000 0 10
997 5000 1.000000 0 10
1160 5000 1.000000 0 10
410 5000 1.000000 0 10
196 5000 1.000000 0 10
662 5000 1.000000 0 10
577 5000 1.000000 0 10
987 5000 1.000000 0 10
4133 5000 2.000000 0 10
2111 5000 2.000000 0 10
316 5000 2.000000 0 10
1725 5000 2.000000 0 10
2098 5000 2.000000 0 10
2047 5000 2.000000 0 10
1946 5000 2.000000 0 10
2045 5000 2.000000 0 10
2136 5000 2.000000 0 10
4881 5000 4.000000 0 10
3556 5000 4.000000 0 10
2046 5000 4.000000 0 10
3583 5000 4.000000 0 10
2908 5000 4.000000 0 10
4106 5000 4.000000 0 10
3173 5000 4.000000 0 10
3281 5000 4.000000 0 10
2474 5000 4.000000 0 10
4473 5000 8.000000 0 10
3793 5000 8.000000 0 10
4170 5000 8.000000 0 10
3313 5000 8.000000 0 10
4243 5000 8.000000 0 10
3610 5000 8.000000 0 10
3908 5000 8.000000 0 10
3446 5000 8.000000 0 10
3719 5000 8.000000 0 10
4990 5000 16.000000 0 10
4256 5000 16.000000 0 10
4406 5000 16.000000 0 10
3894 5000 16.000000 0 10
4378 5000 16.000000 0 10
3961 5000 16.000000 0 10
4455 5000 16.000000 0 10
4318 5000 16.000000 0 10
4363 5000 16.000000 0 10
4996 5000 32.000000 0 10
3933 5000 32.000000 0 10
3894 5000 32.000000 0 10
4325 5000 32.000000 0 10
4391 5000 32.000000 0 10
4239 5000 32.000000 0 10
3919 5000 32.000000 0 10
4402 5000 32.000000 0 10
4415 5000 32.000000 0 10
1 10000 0.031250 0 10
1 10000 0.031250 0 10
1 10000 0.031250 0 10
1 10000 0.031250 0 10
1 10000 0.031250 0 10
1 10000 0.031250 0 10
1 10000 0.031250 0 10
1 10000 0.031250 0 10
1 10000 0.031250 0 10
1 10000 0.062500 0 10
1 10000 0.062500 0 10
1 10000 0.062500 0 10
1 10000 0.062500 0 10
1 10000 0.062500 0 10
1 10000 0.062500 0 10
1 10000 0.062500 0 10
1 10000 0.062500 0 10
1 10000 0.062500 0 10
2 10000 0.125000 0 10
1 10000 0.125000 0 10
1 10000 0.125000 0 10
1 10000 0.125000 0 10
1 10000 0.125000 0 10
1 10000 0.125000 0 10
1 10000 0.125000 0 10
2 10000 0.125000 0 10
1 10000 0.125000 0 10
415 10000 0.250000 0 10
1 10000 0.250000 0 10
2 10000 0.250000 0 10
1 10000 0.250000 0 10
3 10000 0.250000 0 10
2 10000 0.250000 0 10
3 10000 0.250000 0 10
2 10000 0.250000 0 10
4 10000 0.250000 0 10
1518 10000 0.500000 0 10
20 10000 0.500000 0 10
20 10000 0.500000 0 10
3 10000 0.500000 0 10
377 10000 0.500000 0 10
474 10000 0.500000 0 10
528 10000 0.500000 0 10
524 10000 0.500000 0 10
9 10000 0.500000 0 10
4658 10000 1.000000 0 10
2436 10000 1.000000 0 10
1058 10000 1.000000 0 10
1090 10000 1.000000 0 10
1844 10000 1.000000 0 10
914 10000 1.000000 0 10
2243 10000 1.000000 0 10
2822 10000 1.000000 0 10
3735 10000 1.000000 0 10
8279 10000 2.000000 0 10
4776 10000 2.000000 0 10
5189 10000 2.000000 0 10
3640 10000 2.000000 0 10
4248 10000 2.000000 0 10
5906 10000 2.000000 0 10
5818 10000 2.000000 0 10
3614 10000 2.000000 0 10
4175 10000 2.000000 0 10
9748 10000 4.000000 0 10
7660 10000 4.000000 0 10
6327 10000 4.000000 0 10
5610 10000 4.000000 0 10
4736 10000 4.000000 0 10
6367 10000 4.000000 0 10
7286 10000 4.000000 0 10
8305 10000 4.000000 0 10
4998 10000 4.000000 0 10
8934 10000 8.000000 0 10
8807 10000 8.000000 0 10
8723 10000 8.000000 0 10
6937 10000 8.000000 0 10
7990 10000 8.000000 0 10
7928 10000 8.000000 0 10
8135 10000 8.000000 0 10
7727 10000 8.000000 0 10
6900 10000 8.000000 0 10
9976 10000 16.000000 0 10
7166 10000 16.000000 0 10
8874 10000 16.000000 0 10
7121 10000 16.000000 0 10
8710 10000 16.000000 0 10
8031 10000 16.000000 0 10
7188 10000 16.000000 0 10
7147 10000 16.000000 0 10
7298 10000 16.000000 0 10
9994 10000 32.000000 0 10
8120 10000 32.000000 0 10
7331 10000 32.000000 0 10
9208 10000 32.000000 0 10
9008 10000 32.000000 0 10
9032 10000 32.000000 0 10
7944 10000 32.000000 0 10
8357 10000 32.000000 0 10
8215 10000 32.000000 0 10
