1 625 0.031250 0 10
1 625 0.031250 0 10
1 625 0.031250 0 10
1 625 0.031250 0 10
1 625 0.031250 0 10
1 625 0.031250 0 10
1 625 0.031250 0 10
1 625 0.031250 0 10
1 625 0.031250 0 10
1 625 0.062500 0 10
1 625 0.062500 0 10
1 625 0.062500 0 10
1 625 0.062500 0 10
1 625 0.062500 0 10
1 625 0.062500 0 10
1 625 0.062500 0 10
1 625 0.062500 0 10
1 625 0.062500 0 10
1 625 0.125000 0 10
4 625 0.125000 0 10
1 625 0.125000 0 10
1 625 0.125000 0 10
1 625 0.125000 0 10
1 625 0.125000 0 10
1 625 0.125000 0 10
1 625 0.125000 0 10
1 625 0.125000 0 10
2 625 0.250000 0 10
34 625 0.250000 0 10
3 625 0.250000 0 10
4 625 0.250000 0 10
3 625 0.250000 0 10
2 625 0.250000 0 10
1 625 0.250000 0 10
2 625 0.250000 0 10
1 625 0.250000 0 10
132 625 0.500000 0 10
14 625 0.500000 0 10
43 625 0.500000 0 10
2 625 0.500000 0 10
28 625 0.500000 0 10
17 625 0.500000 0 10
4 625 0.500000 0 10
2 625 0.500000 0 10
1 625 0.500000 0 10
285 625 1.000000 0 10
241 625 1.000000 0 10
156 625 1.000000 0 10
153 625 1.000000 0 10
83 625 1.000000 0 10
49 625 1.000000 0 10
16 625 1.000000 0 10
2 625 1.000000 0 10
1 625 1.000000 0 10
342 625 2.000000 0 10
392 625 2.000000 0 10
244 625 2.000000 0 10
294 625 2.000000 0 10
85 625 2.000000 0 10
98 625 2.000000 0 10
28 625 2.000000 0 10
8 625 2.000000 0 10
1 625 2.000000 0 10
610 625 4.000000 0 10
537 625 4.000000 0 10
361 625 4.000000 0 10
331 625 4.000000 0 10
147 625 4.000000 0 10
59 625 4.000000 0 10
46 625 4.000000 0 10
25 625 4.000000 0 10
5 625 4.000000 0 10
495 625 8.000000 0 10
493 625 8.000000 0 10
464 625 8.000000 0 10
360 625 8.000000 0 10
269 625 8.000000 0 10
128 625 8.000000 0 10
58 625 8.000000 0 10
15 625 8.000000 0 10
1 625 8.000000 0 10
623 625 16.000000 0 10
554 625 16.000000 0 10
475 625 16.000000 0 10
364 625 16.000000 0 10
316 625 16.000000 0 10
162 625 16.000000 0 10
109 625 16.000000 0 10
37 625 16.000000 0 10
5 625 16.000000 0 10
624 625 32.000000 0 10
557 625 32.000000 0 10
437 625 32.000000 0 10
405 625 32.000000 0 10
287 625 32.000000 0 10
188 625 32.000000 0 10
113 625 32.000000 0 10
42 625 32.000000 0 10
11 625 32.000000 0 10
1 1250 0.031250 0 10
1 1250 0.031250 0 10
1 1250 0.031250 0 10
1 1250 0.031250 0 10
1 1250 0.031250 0 10
1 1250 0.031250 0 10
1 1250 0.031250 0 10
1 1250 0.031250 0 10
1 1250 0.031250 0 10
1 1250 0.062500 0 10
1 1250 0.062500 0 10
1 1250 0.062500 0 10
1 1250 0.062500 0 10
1 1250 0.062500 0 10
1 1250 0.062500 0 10
1 1250 0.062500 0 10
1 1250 0.062500 0 10
1 1250 0.062500 0 10
1 1250 0.125000 0 10
2 1250 0.125000 0 10
1 1250 0.125000 0 10
1 1250 0.125000 0 10
1 1250 0.125000 0 10
1 1250 0.125000 0 10
1 1250 0.125000 0 10
1 1250 0.125000 0 10
1 1250 0.125000 0 10
39 1250 0.250000 0 10
43 1250 0.250000 0 10
2 1250 0.250000 0 10
2 1250 0.250000 0 10
1 1250 0.250000 0 10
4 1250 0.250000 0 10
1 1250 0.250000 0 10
1 1250 0.250000 0 10
1 1250 0.250000 0 10
367 1250 0.500000 0 10
136 1250 0.500000 0 10
74 1250 0.500000 0 10
40 1250 0.500000 0 10
4 1250 0.500000 0 10
19 1250 0.500000 0 10
1 1250 0.500000 0 10
1 1250 0.500000 0 10
1 1250 0.500000 0 10
769 1250 1.000000 0 10
318 1250 1.000000 0 10
385 1250 1.000000 0 10
243 1250 1.000000 0 10
103 1250 1.000000 0 10
4 1250 1.000000 0 10
24 1250 1.000000 0 10
1 1250 1.000000 0 10
3 1250 1.000000 0 10
922 1250 2.000000 0 10
696 1250 2.000000 0 10
425 1250 2.000000 0 10
320 1250 2.000000 0 10
247 1250 2.000000 0 10
168 1250 2.000000 0 10
98 1250 2.000000 0 10
4 1250 2.000000 0 10
6 1250 2.000000 0 10
1095 1250 4.000000 0 10
1067 1250 4.000000 0 10
635 1250 4.000000 0 10
433 1250 4.000000 0 10
330 1250 4.000000 0 10
232 1250 4.000000 0 10
96 1250 4.000000 0 10
19 1250 4.000000 0 10
11 1250 4.000000 0 10
1240 1250 8.000000 0 10
991 1250 8.000000 0 10
934 1250 8.000000 0 10
541 1250 8.000000 0 10
493 1250 8.000000 0 10
302 1250 8.000000 0 10
111 1250 8.000000 0 10
53 1250 8.000000 0 10
2 1250 8.000000 0 10
1123 1250 16.000000 0 10
1109 1250 16.000000 0 10
957 1250 16.000000 0 10
799 1250 16.000000 0 10
382 1250 16.000000 0 10
280 1250 16.000000 0 10
181 1250 16.000000 0 10
66 1250 16.000000 0 10
19 1250 16.000000 0 10
1249 1250 32.000000 0 10
1113 1250 32.000000 0 10
871 1250 32.000000 0 10
816 1250 32.000000 0 10
580 1250 32.000000 0 10
237 1250 32.000000 0 10
185 1250 32.000000 0 10
76 1250 32.000000 0 10
8 1250 32.000000 0 10
1 2500 0.031250 0 10
2 2500 0.031250 0 10
1 2500 0.031250 0 10
1 2500 0.031250 0 10
1 2500 0.031250 0 10
1 2500 0.031250 0 10
1 2500 0.031250 0 10
1 2500 0.031250 0 10
1 2500 0.031250 0 10
1 2500 0.062500 0 10
1 2500 0.062500 0 10
1 2500 0.062500 0 10
1 2500 0.062500 0 10
1 2500 0.062500 0 10
1 2500 0.062500 0 10
1 2500 0.062500 0 10
1 2500 0.062500 0 10
1 2500 0.062500 0 10
1 2500 0.125000 0 10
1 2500 0.125000 0 10
4 2500 0.125000 0 10
1 2500 0.125000 0 10
1 2500 0.125000 0 10
1 2500 0.125000 0 10
1 2500 0.125000 0 10
1 2500 0.125000 0 10
1 2500 0.125000 0 10
63 2500 0.250000 0 10
131 2500 0.250000 0 10
1 2500 0.250000 0 10
1 2500 0.250000 0 10
2 2500 0.250000 0 10
1 2500 0.250000 0 10
1 2500 0.250000 0 10
3 2500 0.250000 0 10
1 2500 0.250000 0 10
625 2500 0.500000 0 10
98 2500 0.500000 0 10
221 2500 0.500000 0 10
33 2500 0.500000 0 10
1 2500 0.500000 0 10
2 2500 0.500000 0 10
1 2500 0.500000 0 10
1 2500 0.500000 0 10
1 2500 0.500000 0 10
1150 2500 1.000000 0 10
1111 2500 1.000000 0 10
372 2500 1.000000 0 10
491 2500 1.000000 0 10
200 2500 1.000000 0 10
85 2500 1.000000 0 10
51 2500 1.000000 0 10
1 2500 1.000000 0 10
3 2500 1.000000 0 10
1378 2500 2.000000 0 10
1768 2500 2.000000 0 10
1140 2500 2.000000 0 10
897 2500 2.000000 0 10
579 2500 2.000000 0 10
320 2500 2.000000 0 10
144 2500 2.000000 0 10
35 2500 2.000000 0 10
17 2500 2.000000 0 10
2197 2500 4.000000 0 10
1903 2500 4.000000 0 10
1451 2500 4.000000 0 10
1180 2500 4.000000 0 10
665 2500 4.000000 0 10
559 2500 4.000000 0 10
76 2500 4.000000 0 10
74 2500 4.000000 0 10
1 2500 4.000000 0 10
2479 2500 8.000000 0 10
1980 2500 8.000000 0 10
1704 2500 8.000000 0 10
934 2500 8.000000 0 10
1092 2500 8.000000 0 10
609 2500 8.000000 0 10
399 2500 8.000000 0 10
94 2500 8.000000 0 10
5 2500 8.000000 0 10
2496 2500 16.000000 0 10
1999 2500 16.000000 0 10
1928 2500 16.000000 0 10
1285 2500 16.000000 0 10
1139 2500 16.000000 0 10
536 2500 16.000000 0 10
480 2500 16.000000 0 10
101 2500 16.000000 0 10
12 2500 16.000000 0 10
2498 2500 32.000000 0 10
2227 2500 32.000000 0 10
1934 2500 32.000000 0 10
1450 2500 32.000000 0 10
920 2500 32.000000 0 10
629 2500 32.000000 0 10
382 2500 32.000000 0 10
100 2500 32.000000 0 10
27 2500 32.000000 0 10
1 5000 0.031250 0 10
1 5000 0.031250 0 10
1 5000 0.031250 0 10
1 5000 0.031250 0 10
1 5000 0.031250 0 10
1 5000 0.031250 0 10
1 5000 0.031250 0 10
1 5000 0.031250 0 10
1 5000 0.031250 0 10
1 5000 0.062500 0 10
2 5000 0.062500 0 10
1 5000 0.062500 0 10
1 5000 0.062500 0 10
1 5000 0.062500 0 10
1 5000 0.062500 0 10
1 5000 0.062500 0 10
1 5000 0.062500 0 10
1 5000 0.062500 0 10
1 5000 0.125000 0 10
17 5000 0.125000 0 10
1 5000 0.125000 0 10
6 5000 0.125000 0 10
1 5000 0.125000 0 10
1 5000 0.125000 0 10
1 5000 0.125000 0 10
1 5000 0.125000 0 10
1 5000 0.125000 0 10
2 5000 0.250000 0 10
3 5000 0.250000 0 10
63 5000 0.250000 0 10
34 5000 0.250000 0 10
6 5000 0.250000 0 10
3 5000 0.250000 0 10
2 5000 0.250000 0 10
1 5000 0.250000 0 10
1 5000 0.250000 0 10
1005 5000 0.500000 0 10
385 5000 0.500000 0 10
413 5000 0.500000 0 10
271 5000 0.500000 0 10
90 5000 0.500000 0 10
65 5000 0.500000 0 10
3 5000 0.500000 0 10
1 5000 0.500000 0 10
1 5000 0.500000 0 10
2712 5000 1.000000 0 10
2873 5000 1.000000 0 10
1268 5000 1.000000 0 10
742 5000 1.000000 0 10
480 5000 1.000000 0 10
57 5000 1.000000 0 10
45 5000 1.000000 0 10
36 5000 1.000000 0 10
8 5000 1.000000 0 10
4146 5000 2.000000 0 10
3560 5000 2.000000 0 10
2599 5000 2.000000 0 10
1546 5000 2.000000 0 10
737 5000 2.000000 0 10
387 5000 2.000000 0 10
75 5000 2.000000 0 10
64 5000 2.000000 0 10
1 5000 2.000000 0 10
4386 5000 4.000000 0 10
4264 5000 4.000000 0 10
1450 5000 4.000000 0 10
1751 5000 4.000000 0 10
1824 5000 4.000000 0 10
936 5000 4.000000 0 10
505 5000 4.000000 0 10
82 5000 4.000000 0 10
2 5000 4.000000 0 10
4966 5000 8.000000 0 10
3950 5000 8.000000 0 10
3407 5000 8.000000 0 10
3132 5000 8.000000 0 10
2199 5000 8.000000 0 10
1406 5000 8.000000 0 10
446 5000 8.000000 0 10
116 5000 8.000000 0 10
64 5000 8.000000 0 10
4992 5000 16.000000 0 10
4442 5000 16.000000 0 10
3462 5000 16.000000 0 10
2866 5000 16.000000 0 10
2018 5000 16.000000 0 10
1124 5000 16.000000 0 10
710 5000 16.000000 0 10
327 5000 16.000000 0 10
22 5000 16.000000 0 10
4998 5000 32.000000 0 10
4464 5000 32.000000 0 10
3863 5000 32.000000 0 10
2914 5000 32.000000 0 10
2066 5000 32.000000 0 10
1140 5000 32.000000 0 10
952 5000 32.000000 0 10
257 5000 32.000000 0 10
36 5000 32.000000 0 10
1 10000 0.031250 0 10
4 10000 0.031250 0 10
1 10000 0.031250 0 10
1 10000 0.031250 0 10
1 10000 0.031250 0 10
1 10000 0.031250 0 10
1 10000 0.031250 0 10
1 10000 0.031250 0 10
1 10000 0.031250 0 10
1 10000 0.062500 0 10
2 10000 0.062500 0 10
1 10000 0.062500 0 10
1 10000 0.062500 0 10
1 10000 0.062500 0 10
1 10000 0.062500 0 10
1 10000 0.062500 0 10
1 10000 0.062500 0 10
1 10000 0.062500 0 10
1 10000 0.125000 0 10
2 10000 0.125000 0 10
1 10000 0.125000 0 10
1 10000 0.125000 0 10
1 10000 0.125000 0 10
1 10000 0.125000 0 10
1 10000 0.125000 0 10
1 10000 0.125000 0 10
1 10000 0.125000 0 10
361 10000 0.250000 0 10
14 10000 0.250000 0 10
1 10000 0.250000 0 10
19 10000 0.250000 0 10
5 10000 0.250000 0 10
1 10000 0.250000 0 10
5 10000 0.250000 0 10
2 10000 0.250000 0 10
1 10000 0.250000 0 10
1000 10000 0.500000 0 10
1136 10000 0.500000 0 10
1130 10000 0.500000 0 10
202 10000 0.500000 0 10
113 10000 0.500000 0 10
101 10000 0.500000 0 10
4 10000 0.500000 0 10
2 10000 0.500000 0 10
2 10000 0.500000 0 10
3901 10000 1.000000 0 10
4993 10000 1.000000 0 10
3500 10000 1.000000 0 10
1579 10000 1.000000 0 10
1269 10000 1.000000 0 10
296 10000 1.000000 0 10
288 10000 1.000000 0 10
9 10000 1.000000 0 10
2 10000 1.000000 0 10
8278 10000 2.000000 0 10
7117 10000 2.000000 0 10
4567 10000 2.000000 0 10
4038 10000 2.000000 0 10
1486 10000 2.000000 0 10
795 10000 2.000000 0 10
1 10000 2.000000 0 10
31 10000 2.000000 0 10
1 10000 2.000000 0 10
8758 10000 4.000000 0 10
8537 10000 4.000000 0 10
5810 10000 4.000000 0 10
4123 10000 4.000000 0 10
3150 10000 4.000000 0 10
1290 10000 4.000000 0 10
730 10000 4.000000 0 10
213 10000 4.000000 0 10
1 10000 4.000000 0 10
9932 10000 8.000000 0 10
7893 10000 8.000000 0 10
6792 10000 8.000000 0 10
4993 10000 8.000000 0 10
3906 10000 8.000000 0 10
3143 10000 8.000000 0 10
888 10000 8.000000 0 10
426 10000 8.000000 0 10
31 10000 8.000000 0 10
9984 10000 16.000000 0 10
8870 10000 16.000000 0 10
7672 10000 16.000000 0 10
5777 10000 16.000000 0 10
5037 10000 16.000000 0 10
2613 10000 16.000000 0 10
708 10000 16.000000 0 10
439 10000 16.000000 0 10
19 10000 16.000000 0 10
9996 10000 32.000000 0 10
8918 10000 32.000000 0 10
7756 10000 32.000000 0 10
6498 10000 32.000000 0 10
4640 10000 32.000000 0 10
3020 10000 32.000000 0 10
1975 10000 32.000000 0 10
698 10000 32.000000 0 10
136 10000 32.000000 0 10
