1.143333 10000 0.031250 0.0 300 1.050000 0.096667
1.080000 10000 0.031250 0.1 300 1.033333 0.060000
1.026667 10000 0.031250 0.2 300 1.016667 0.030000
1.010000 10000 0.031250 0.3 300 1.003333 0.006667
1.013333 10000 0.031250 0.4 300 1.006667 0.013333
1.000000 10000 0.031250 0.5 300 1.000000 0.000000
1.000000 10000 0.031250 0.6 300 1.000000 0.000000
1.000000 10000 0.031250 0.7 300 1.000000 0.000000
1.000000 10000 0.031250 0.8 300 1.000000 0.000000
1.900000 10000 0.062500 0.0 300 1.320000 0.246667
1.133333 10000 0.062500 0.1 300 1.060000 0.106667
1.036667 10000 0.062500 0.2 300 1.006667 0.013333
1.026667 10000 0.062500 0.3 300 1.016667 0.026667
1.023333 10000 0.062500 0.4 300 1.016667 0.030000
1.003333 10000 0.062500 0.5 300 1.000000 0.000000
1.000000 10000 0.062500 0.6 300 1.000000 0.000000
1.000000 10000 0.062500 0.7 300 1.000000 0.000000
1.000000 10000 0.062500 0.8 300 1.000000 0.000000
8.590000 10000 0.125000 0.0 300 2.633333 0.570000
1.230000 10000 0.125000 0.1 300 1.096667 0.180000
1.093333 10000 0.125000 0.2 300 1.046667 0.090000
1.056667 10000 0.125000 0.3 300 1.020000 0.036667
1.036667 10000 0.125000 0.4 300 1.020000 0.040000
1.000000 10000 0.125000 0.5 300 1.000000 0.000000
1.000000 10000 0.125000 0.6 300 1.000000 0.000000
1.000000 10000 0.125000 0.7 300 1.000000 0.000000
1.000000 10000 0.125000 0.8 300 1.000000 0.000000
238.630000 10000 0.250000 0.0 300 36.656667 1.400000
1.446667 10000 0.250000 0.1 300 1.166667 0.236667
1.240000 10000 0.250000 0.2 300 1.116667 0.196667
1.100000 10000 0.250000 0.3 300 1.040000 0.063333
1.056667 10000 0.250000 0.4 300 1.020000 0.033333
1.000000 10000 0.250000 0.5 300 1.000000 0.000000
1.000000 10000 0.250000 0.6 300 1.000000 0.000000
1.000000 10000 0.250000 0.7 300 1.000000 0.000000
1.000000 10000 0.250000 0.8 300 1.000000 0.000000
1915.650000 10000 0.500000 0.0 300 456.846667 2.273333
2.170000 10000 0.500000 0.1 300 1.436667 0.490000
1.413333 10000 0.500000 0.2 300 1.160000 0.243333
1.196667 10000 0.500000 0.3 300 1.096667 0.150000
1.106667 10000 0.500000 0.4 300 1.060000 0.106667
1.010000 10000 0.500000 0.5 300 1.000000 0.000000
1.000000 10000 0.500000 0.6 300 1.000000 0.000000
1.000000 10000 0.500000 0.7 300 1.000000 0.000000
1.000000 10000 0.500000 0.8 300 1.000000 0.000000
5414.103333 10000 1.000000 0.0 300 1815.330000 2.196667
3.796667 10000 1.000000 0.1 300 1.796667 0.553333
1.750000 10000 1.000000 0.2 300 1.300000 0.373333
1.286667 10000 1.000000 0.3 300 1.146667 0.213333
1.190000 10000 1.000000 0.4 300 1.080000 0.113333
1.003333 10000 1.000000 0.5 300 1.000000 0.000000
1.000000 10000 1.000000 0.6 300 1.000000 0.000000
1.000000 10000 1.000000 0.7 300 1.000000 0.000000
1.000000 10000 1.000000 0.8 300 1.000000 0.000000
7698.066667 10000 2.000000 0.0 300 3165.466667 1.833333
18.503333 10000 2.000000 0.1 300 4.813333 1.140000
2.230000 10000 2.000000 0.2 300 1.483333 0.453333
1.370000 10000 2.000000 0.3 300 1.186667 0.220000
1.210000 10000 2.000000 0.4 300 1.103333 0.120000
1.003333 10000 2.000000 0.5 300 1.003333 0.006667
1.000000 10000 2.000000 0.6 300 1.000000 0.000000
1.000000 10000 2.000000 0.7 300 1.000000 0.000000
1.000000 10000 2.000000 0.8 300 1.000000 0.000000
8907.580000 10000 4.000000 0.0 300 4072.346667 1.406667
753.753333 10000 4.000000 0.1 300 116.046667 2.986667
2.640000 10000 4.000000 0.2 300 1.703333 0.483333
1.553333 10000 4.000000 0.3 300 1.290000 0.266667
1.310000 10000 4.000000 0.4 300 1.136667 0.153333
1.003333 10000 4.000000 0.5 300 1.003333 0.003333
1.000000 10000 4.000000 0.6 300 1.000000 0.000000
1.000000 10000 4.000000 0.7 300 1.000000 0.000000
1.000000 10000 4.000000 0.8 300 1.000000 0.000000
9434.596667 10000 8.000000 0.0 300 4568.253333 1.273333
2317.860000 10000 8.000000 0.1 300 699.040000 2.413333
3.663333 10000 8.000000 0.2 300 2.133333 0.513333
1.566667 10000 8.000000 0.3 300 1.256667 0.226667
1.336667 10000 8.000000 0.4 300 1.166667 0.143333
1.003333 10000 8.000000 0.5 300 1.003333 0.003333
1.000000 10000 8.000000 0.6 300 1.000000 0.000000
1.000000 10000 8.000000 0.7 300 1.000000 0.000000
1.000000 10000 8.000000 0.8 300 1.000000 0.000000
9948.730000 10000 16.000000 0.0 300 5103.663333 1.140000
2766.836667 10000 16.000000 0.1 300 1095.253333 1.453333
3.696667 10000 16.000000 0.2 300 2.116667 0.433333
1.703333 10000 16.000000 0.3 300 1.360000 0.303333
1.403333 10000 16.000000 0.4 300 1.200000 0.170000
1.000000 10000 16.000000 0.5 300 1.000000 0.000000
1.000000 10000 16.000000 0.6 300 1.000000 0.000000
1.000000 10000 16.000000 0.7 300 1.000000 0.000000
1.000000 10000 16.000000 0.8 300 1.000000 0.000000
9928.563333 10000 32.000000 0.0 300 4890.706667 1.066667
3425.690000 10000 32.000000 0.1 300 1596.613333 1.140000
4.080000 10000 32.000000 0.2 300 2.566667 0.503333
1.693333 10000 32.000000 0.3 300 1.286667 0.206667
1.360000 10000 32.000000 0.4 300 1.186667 0.156667
1.006667 10000 32.000000 0.5 300 1.003333 0.003333
1.000000 10000 32.000000 0.6 300 1.000000 0.000000
1.000000 10000 32.000000 0.7 300 1.000000 0.000000
1.000000 10000 32.000000 0.8 300 1.000000 0.000000
