1.196667 10000 0.031250 0.0 300 1.096667 0.116667
1.053333 10000 0.031250 0.1 300 1.036667 0.070000
1.016667 10000 0.031250 0.2 300 1.010000 0.020000
1.016667 10000 0.031250 0.3 300 1.013333 0.026667
1.006667 10000 0.031250 0.4 300 1.003333 0.006667
1.000000 10000 0.031250 0.5 300 1.000000 0.000000
1.000000 10000 0.031250 0.6 300 1.000000 0.000000
1.000000 10000 0.031250 0.7 300 1.000000 0.000000
1.000000 10000 0.031250 0.8 300 1.000000 0.000000
1.546667 10000 0.062500 0.0 300 1.220000 0.256667
1.086667 10000 0.062500 0.1 300 1.036667 0.066667
1.053333 10000 0.062500 0.2 300 1.026667 0.056667
1.040000 10000 0.062500 0.3 300 1.016667 0.033333
1.016667 10000 0.062500 0.4 300 1.013333 0.026667
1.003333 10000 0.062500 0.5 300 1.000000 0.000000
1.000000 10000 0.062500 0.6 300 1.000000 0.000000
1.000000 10000 0.062500 0.7 300 1.000000 0.000000
1.000000 10000 0.062500 0.8 300 1.000000 0.000000
4.050000 10000 0.125000 0.0 300 1.866667 0.326667
1.203333 10000 0.125000 0.1 300 1.086667 0.146667
1.100000 10000 0.125000 0.2 300 1.050000 0.096667
1.056667 10000 0.125000 0.3 300 1.036667 0.070000
1.046667 10000 0.125000 0.4 300 1.033333 0.060000
1.003333 10000 0.125000 0.5 300 1.000000 0.000000
1.000000 10000 0.125000 0.6 300 1.000000 0.000000
1.000000 10000 0.125000 0.7 300 1.000000 0.000000
1.000000 10000 0.125000 0.8 300 1.000000 0.000000
42.900000 10000 0.250000 0.0 300 9.530000 0.933333
1.503333 10000 0.250000 0.1 300 1.200000 0.290000
1.220000 10000 0.250000 0.2 300 1.086667 0.143333
1.120000 10000 0.250000 0.3 300 1.046667 0.083333
1.076667 10000 0.250000 0.4 300 1.050000 0.090000
1.000000 10000 0.250000 0.5 300 1.000000 0.000000
1.000000 10000 0.250000 0.6 300 1.000000 0.000000
1.000000 10000 0.250000 0.7 300 1.000000 0.000000
1.000000 10000 0.250000 0.8 300 1.000000 0.000000
817.906667 10000 0.500000 0.0 300 175.726667 1.903333
1.840000 10000 0.500000 0.1 300 1.283333 0.386667
1.403333 10000 0.500000 0.2 300 1.183333 0.280000
1.173333 10000 0.500000 0.3 300 1.090000 0.146667
1.126667 10000 0.500000 0.4 300 1.063333 0.093333
1.000000 10000 0.500000 0.5 300 1.000000 0.000000
1.000000 10000 0.500000 0.6 300 1.000000 0.000000
1.000000 10000 0.500000 0.7 300 1.000000 0.000000
1.000000 10000 0.500000 0.8 300 1.000000 0.000000
3538.853333 10000 1.000000 0.0 300 1050.070000 2.280000
2.406667 10000 1.000000 0.1 300 1.506667 0.480000
1.566667 10000 1.000000 0.2 300 1.253333 0.336667
1.293333 10000 1.000000 0.3 300 1.130000 0.186667
1.193333 10000 1.000000 0.4 300 1.093333 0.136667
1.000000 10000 1.000000 0.5 300 1.000000 0.000000
1.000000 10000 1.000000 0.6 300 1.000000 0.000000
1.000000 10000 1.000000 0.7 300 1.000000 0.000000
1.000000 10000 1.000000 0.8 300 1.000000 0.000000
6756.926667 10000 2.000000 0.0 300 2590.336667 2.110000
3.143333 10000 2.000000 0.1 300 1.783333 0.566667
1.786667 10000 2.000000 0.2 300 1.370000 0.376667
1.440000 10000 2.000000 0.3 300 1.213333 0.270000
1.250000 10000 2.000000 0.4 300 1.120000 0.146667
1.000000 10000 2.000000 0.5 300 1.000000 0.000000
1.000000 10000 2.000000 0.6 300 1.000000 0.000000
1.000000 10000 2.000000 0.7 300 1.000000 0.000000
1.000000 10000 2.000000 0.8 300 1.000000 0.000000
8392.383333 10000 4.000000 0.0 300 3622.160000 1.586667
4.063333 10000 4.000000 0.1 300 2.326667 0.723333
2.050000 10000 4.000000 0.2 300 1.453333 0.426667
1.513333 10000 4.000000 0.3 300 1.246667 0.260000
1.296667 10000 4.000000 0.4 300 1.100000 0.120000
1.000000 10000 4.000000 0.5 300 1.000000 0.000000
1.000000 10000 4.000000 0.6 300 1.000000 0.000000
1.000000 10000 4.000000 0.7 300 1.000000 0.000000
1.000000 10000 4.000000 0.8 300 1.000000 0.000000
9390.443333 10000 8.000000 0.0 300 4441.246667 1.273333
4.150000 10000 8.000000 0.1 300 2.556667 0.720000
2.040000 10000 8.000000 0.2 300 1.526667 0.426667
1.500000 10000 8.000000 0.3 300 1.230000 0.240000
1.336667 10000 8.000000 0.4 300 1.173333 0.180000
1.003333 10000 8.000000 0.5 300 1.000000 0.000000
1.000000 10000 8.000000 0.6 300 1.000000 0.000000
1.000000 10000 8.000000 0.7 300 1.000000 0.000000
1.000000 10000 8.000000 0.8 300 1.000000 0.000000
9825.380000 10000 16.000000 0.0 300 4812.726667 1.183333
4.746667 10000 16.000000 0.1 300 2.873333 0.716667
2.253333 10000 16.000000 0.2 300 1.596667 0.423333
1.593333 10000 16.000000 0.3 300 1.280000 0.283333
1.333333 10000 16.000000 0.4 300 1.160000 0.166667
1.000000 10000 16.000000 0.5 300 1.000000 0.000000
1.000000 10000 16.000000 0.6 300 1.000000 0.000000
1.000000 10000 16.000000 0.7 300 1.000000 0.000000
1.000000 10000 16.000000 0.8 300 1.000000 0.000000
9823.363333 10000 32.000000 0.0 300 4837.603333 1.100000
4.793333 10000 32.000000 0.1 300 2.896667 0.716667
2.356667 10000 32.000000 0.2 300 1.716667 0.463333
1.573333 10000 32.000000 0.3 300 1.280000 0.266667
1.266667 10000 32.000000 0.4 300 1.140000 0.136667
1.003333 10000 32.000000 0.5 300 1.000000 0.000000
1.000000 10000 32.000000 0.6 300 1.000000 0.000000
1.000000 10000 32.000000 0.7 300 1.000000 0.000000
1.000000 10000 32.000000 0.8 300 1.000000 0.000000
