75.593333 10000 1.000000 0.05 300 8.466667 1.963333
2.503333 10000 1.000000 0.15 300 1.593333 0.573333
2549.513333 10000 2.000000 0.05 300 538.626667 4.070000
3.510000 10000 2.000000 0.15 300 1.883333 0.603333
5187.726667 10000 4.000000 0.05 300 1777.626667 2.726667
6.030000 10000 4.000000 0.15 300 2.816667 0.726667
6107.816667 10000 8.000000 0.05 300 2608.740000 1.746667
10.976667 10000 8.000000 0.15 300 4.776667 0.686667
6676.216667 10000 16.000000 0.05 300 3098.670000 1.336667
25.043333 10000 16.000000 0.15 300 9.523333 0.786667
6885.103333 10000 32.000000 0.05 300 3198.633333 1.050000
41.840000 10000 32.000000 0.15 300 17.976667 0.763333
