4.160000 10000 1.000000 0.05 300 2.203333 0.810000
1.943333 10000 1.000000 0.15 300 1.420000 0.453333
6.070000 10000 2.000000 0.05 300 2.940000 0.950000
2.396667 10000 2.000000 0.15 300 1.646667 0.533333
7.193333 10000 4.000000 0.05 300 3.490000 0.873333
2.686667 10000 4.000000 0.15 300 1.726667 0.546667
8.810000 10000 8.000000 0.05 300 4.423333 0.856667
2.960000 10000 8.000000 0.15 300 1.896667 0.563333
9.653333 10000 16.000000 0.05 300 5.030000 0.806667
3.256667 10000 16.000000 0.15 300 2.000000 0.546667
10.656667 10000 32.000000 0.05 300 5.443333 0.833333
3.293333 10000 32.000000 0.15 300 2.063333 0.556667
