200.360000 625 1.000000 0.00 300 65.286667 1.840000
18.690000 625 1.000000 0.10 300 6.526667 0.973333
3.316667 625 1.000000 0.20 300 1.826667 0.526667
2.083333 625 1.000000 0.30 300 1.390000 0.380000
1.606667 625 1.000000 0.40 300 1.230000 0.276667
1.273333 625 1.000000 0.50 300 1.100000 0.140000
1.116667 625 1.000000 0.60 300 1.073333 0.106667
1.060000 625 1.000000 0.70 300 1.023333 0.036667
1.033333 625 1.000000 0.80 300 1.023333 0.030000
424.293333 625 2.000000 0.00 300 168.460000 1.803333
36.373333 625 2.000000 0.10 300 14.783333 1.106667
5.143333 625 2.000000 0.20 300 2.590000 0.650000
2.723333 625 2.000000 0.30 300 1.720000 0.436667
1.856667 625 2.000000 0.40 300 1.350000 0.310000
1.403333 625 2.000000 0.50 300 1.180000 0.200000
1.246667 625 2.000000 0.60 300 1.130000 0.133333
1.103333 625 2.000000 0.70 300 1.050000 0.073333
1.033333 625 2.000000 0.80 300 1.020000 0.020000
512.726667 625 4.000000 0.00 300 224.946667 1.413333
56.403333 625 4.000000 0.10 300 25.353333 0.980000
6.416667 625 4.000000 0.20 300 3.393333 0.726667
3.196667 625 4.000000 0.30 300 1.960000 0.503333
1.896667 625 4.000000 0.40 300 1.363333 0.283333
1.513333 625 4.000000 0.50 300 1.223333 0.200000
1.273333 625 4.000000 0.60 300 1.133333 0.153333
1.100000 625 4.000000 0.70 300 1.043333 0.036667
1.033333 625 4.000000 0.80 300 1.023333 0.030000
583.216667 625 8.000000 0.00 300 279.483333 1.236667
55.926667 625 8.000000 0.10 300 27.553333 0.906667
8.673333 625 8.000000 0.20 300 4.203333 0.740000
3.523333 625 8.000000 0.30 300 2.140000 0.546667
2.033333 625 8.000000 0.40 300 1.440000 0.250000
1.486667 625 8.000000 0.50 300 1.210000 0.170000
1.226667 625 8.000000 0.60 300 1.106667 0.106667
1.076667 625 8.000000 0.70 300 1.043333 0.043333
1.063333 625 8.000000 0.80 300 1.036667 0.046667
620.576667 625 16.000000 0.00 300 296.463333 1.123333
73.333333 625 16.000000 0.10 300 34.923333 0.943333
8.026667 625 16.000000 0.20 300 4.100000 0.606667
3.183333 625 16.000000 0.30 300 2.030000 0.403333
2.430000 625 16.000000 0.40 300 1.786667 0.350000
1.480000 625 16.000000 0.50 300 1.236667 0.180000
1.246667 625 16.000000 0.60 300 1.130000 0.106667
1.133333 625 16.000000 0.70 300 1.070000 0.063333
1.043333 625 16.000000 0.80 300 1.013333 0.016667
609.920000 625 32.000000 0.00 300 308.553333 1.023333
78.050000 625 32.000000 0.10 300 42.460000 0.970000
9.076667 625 32.000000 0.20 300 4.800000 0.640000
3.330000 625 32.000000 0.30 300 2.330000 0.423333
2.220000 625 32.000000 0.40 300 1.600000 0.283333
1.643333 625 32.000000 0.50 300 1.313333 0.190000
1.340000 625 32.000000 0.60 300 1.196667 0.140000
1.163333 625 32.000000 0.70 300 1.076667 0.060000
1.030000 625 32.000000 0.80 300 1.020000 0.020000
