200.993333 625 1.000000 0.00 300 61.756667 1.690000
38.423333 625 1.000000 0.10 300 12.743333 1.220000
11.960000 625 1.000000 0.20 300 4.676667 0.950000
5.776667 625 1.000000 0.30 300 2.590000 0.756667
4.180000 625 1.000000 0.40 300 2.123333 0.616667
3.320000 625 1.000000 0.50 300 1.910000 0.643333
2.903333 625 1.000000 0.60 300 1.713333 0.520000
2.320000 625 1.000000 0.70 300 1.483333 0.416667
2.056667 625 1.000000 0.80 300 1.446667 0.433333
416.116667 625 2.000000 0.00 300 158.633333 1.846667
72.920000 625 2.000000 0.10 300 27.593333 1.233333
19.983333 625 2.000000 0.20 300 8.420000 1.006667
9.850000 625 2.000000 0.30 300 4.300000 0.893333
6.206667 625 2.000000 0.40 300 3.073333 0.686667
4.373333 625 2.000000 0.50 300 2.483333 0.666667
3.053333 625 2.000000 0.60 300 1.763333 0.530000
2.826667 625 2.000000 0.70 300 1.720000 0.466667
2.376667 625 2.000000 0.80 300 1.590000 0.440000
539.326667 625 4.000000 0.00 300 231.213333 1.423333
108.426667 625 4.000000 0.10 300 46.386667 1.256667
27.786667 625 4.000000 0.20 300 12.770000 1.003333
11.923333 625 4.000000 0.30 300 5.443333 0.883333
8.516667 625 4.000000 0.40 300 4.286667 0.760000
6.193333 625 4.000000 0.50 300 3.230000 0.710000
4.016667 625 4.000000 0.60 300 2.283333 0.563333
3.346667 625 4.000000 0.70 300 2.040000 0.523333
2.746667 625 4.000000 0.80 300 1.786667 0.483333
591.373333 625 8.000000 0.00 300 274.086667 1.263333
125.300000 625 8.000000 0.10 300 59.186667 1.050000
40.170000 625 8.000000 0.20 300 18.063333 0.943333
18.123333 625 8.000000 0.30 300 9.353333 0.916667
10.300000 625 8.000000 0.40 300 5.376667 0.726667
8.030000 625 8.000000 0.50 300 4.230000 0.693333
5.363333 625 8.000000 0.60 300 2.936667 0.580000
3.576667 625 8.000000 0.70 300 2.210000 0.520000
3.040000 625 8.000000 0.80 300 1.976667 0.413333
608.056667 625 16.000000 0.00 300 298.300000 1.120000
133.253333 625 16.000000 0.10 300 63.070000 1.013333
38.700000 625 16.000000 0.20 300 19.340000 0.910000
15.136667 625 16.000000 0.30 300 7.793333 0.790000
9.306667 625 16.000000 0.40 300 5.133333 0.703333
6.566667 625 16.000000 0.50 300 3.790000 0.670000
5.100000 625 16.000000 0.60 300 3.020000 0.583333
4.456667 625 16.000000 0.70 300 2.643333 0.530000
3.173333 625 16.000000 0.80 300 2.030000 0.426667
613.973333 625 32.000000 0.00 300 300.313333 1.043333
140.843333 625 32.000000 0.10 300 64.540000 1.006667
46.530000 625 32.000000 0.20 300 22.660000 0.910000
18.753333 625 32.000000 0.30 300 9.310000 0.833333
9.323333 625 32.000000 0.40 300 5.250000 0.653333
8.430000 625 32.000000 0.50 300 4.960000 0.676667
5.520000 625 32.000000 0.60 300 3.363333 0.573333
4.786667 625 32.000000 0.70 300 2.826667 0.560000
3.330000 625 32.000000 0.80 300 2.076667 0.493333
