228.450000 625 1.000000 0.00 300 74.263333 2.100000
25.626667 625 1.000000 0.10 300 8.406667 1.186667
25.910000 625 1.000000 0.20 300 8.993333 1.106667
22.843333 625 1.000000 0.30 300 8.120000 1.256667
20.396667 625 1.000000 0.40 300 6.983333 1.243333
17.766667 625 1.000000 0.50 300 6.363333 1.080000
14.086667 625 1.000000 0.60 300 5.536667 1.120000
11.496667 625 1.000000 0.70 300 4.693333 1.073333
7.960000 625 1.000000 0.80 300 3.573333 0.860000
414.266667 625 2.000000 0.00 300 160.373333 1.806667
52.620000 625 2.000000 0.10 300 21.263333 1.340000
50.713333 625 2.000000 0.20 300 19.420000 1.220000
39.053333 625 2.000000 0.30 300 14.766667 1.216667
27.780000 625 2.000000 0.40 300 11.073333 1.056667
29.840000 625 2.000000 0.50 300 13.533333 1.156667
23.196667 625 2.000000 0.60 300 9.306667 1.090000
18.850000 625 2.000000 0.70 300 7.673333 1.120000
13.016667 625 2.000000 0.80 300 5.620000 1.050000
511.936667 625 4.000000 0.00 300 228.356667 1.453333
73.313333 625 4.000000 0.10 300 32.070000 1.213333
71.570000 625 4.000000 0.20 300 32.090000 1.276667
56.780000 625 4.000000 0.30 300 25.553333 1.140000
50.470000 625 4.000000 0.40 300 23.220000 1.146667
45.143333 625 4.000000 0.50 300 19.693333 1.163333
34.313333 625 4.000000 0.60 300 15.900000 1.166667
25.006667 625 4.000000 0.70 300 11.680000 1.063333
17.883333 625 4.000000 0.80 300 8.510000 1.000000
576.756667 625 8.000000 0.00 300 265.480000 1.196667
84.803333 625 8.000000 0.10 300 39.640000 1.083333
71.770000 625 8.000000 0.20 300 31.623333 1.030000
64.493333 625 8.000000 0.30 300 30.496667 1.010000
53.776667 625 8.000000 0.40 300 25.853333 1.056667
50.426667 625 8.000000 0.50 300 23.673333 1.056667
38.940000 625 8.000000 0.60 300 18.460000 1.086667
32.373333 625 8.000000 0.70 300 15.400000 1.020000
21.466667 625 8.000000 0.80 300 11.056667 0.930000
605.383333 625 16.000000 0.00 300 287.856667 1.136667
86.810000 625 16.000000 0.10 300 41.296667 1.046667
79.626667 625 16.000000 0.20 300 40.600000 1.000000
63.126667 625 16.000000 0.30 300 31.990000 0.953333
67.576667 625 16.000000 0.40 300 32.886667 1.060000
46.320000 625 16.000000 0.50 300 22.086667 0.946667
44.053333 625 16.000000 0.60 300 20.783333 0.963333
34.146667 625 16.000000 0.70 300 18.040000 0.943333
23.960000 625 16.000000 0.80 300 11.393333 0.950000
617.383333 625 32.000000 0.00 300 306.860000 1.056667
103.513333 625 32.000000 0.10 300 47.776667 0.983333
79.453333 625 32.000000 0.20 300 40.930000 0.930000
71.506667 625 32.000000 0.30 300 37.043333 0.936667
62.936667 625 32.000000 0.40 300 31.526667 0.996667
57.970000 625 32.000000 0.50 300 30.193333 0.973333
45.333333 625 32.000000 0.60 300 22.896667 0.940000
33.040000 625 32.000000 0.70 300 17.100000 0.836667
22.673333 625 32.000000 0.80 300 11.460000 0.910000
