233.333333 625 1.000000 0.00 300 72.536667 2.023333
20.956667 625 1.000000 0.10 300 7.520000 1.106667
9.396667 625 1.000000 0.20 300 3.756667 0.743333
6.323333 625 1.000000 0.30 300 2.846667 0.656667
5.906667 625 1.000000 0.40 300 2.856667 0.693333
3.163333 625 1.000000 0.50 300 1.870000 0.516667
3.433333 625 1.000000 0.60 300 1.880000 0.546667
2.443333 625 1.000000 0.70 300 1.556667 0.400000
2.413333 625 1.000000 0.80 300 1.476667 0.413333
399.903333 625 2.000000 0.00 300 152.126667 1.710000
46.520000 625 2.000000 0.10 300 17.670000 1.163333
24.820000 625 2.000000 0.20 300 10.023333 0.950000
13.533333 625 2.000000 0.30 300 5.770000 0.816667
8.796667 625 2.000000 0.40 300 4.133333 0.773333
6.183333 625 2.000000 0.50 300 3.303333 0.660000
4.246667 625 2.000000 0.60 300 2.323333 0.603333
3.993333 625 2.000000 0.70 300 2.253333 0.600000
3.300000 625 2.000000 0.80 300 2.016667 0.543333
544.693333 625 4.000000 0.00 300 237.416667 1.360000
73.823333 625 4.000000 0.10 300 32.183333 1.133333
31.086667 625 4.000000 0.20 300 13.866667 0.916667
20.836667 625 4.000000 0.30 300 9.243333 0.850000
10.560000 625 4.000000 0.40 300 4.860000 0.706667
8.486667 625 4.000000 0.50 300 3.866667 0.700000
5.506667 625 4.000000 0.60 300 2.870000 0.620000
4.733333 625 4.000000 0.70 300 2.446667 0.476667
4.160000 625 4.000000 0.80 300 2.350000 0.523333
578.916667 625 8.000000 0.00 300 266.986667 1.236667
101.036667 625 8.000000 0.10 300 50.963333 1.033333
48.086667 625 8.000000 0.20 300 21.830000 0.920000
19.596667 625 8.000000 0.30 300 9.506667 0.813333
11.473333 625 8.000000 0.40 300 6.193333 0.713333
9.346667 625 8.000000 0.50 300 4.813333 0.696667
7.560000 625 8.000000 0.60 300 4.280000 0.633333
5.656667 625 8.000000 0.70 300 3.213333 0.580000
4.250000 625 8.000000 0.80 300 2.496667 0.563333
603.403333 625 16.000000 0.00 300 293.726667 1.113333
94.646667 625 16.000000 0.10 300 43.006667 0.986667
42.246667 625 16.000000 0.20 300 22.473333 0.886667
21.470000 625 16.000000 0.30 300 10.503333 0.763333
16.250000 625 16.000000 0.40 300 8.266667 0.686667
9.266667 625 16.000000 0.50 300 4.960000 0.706667
6.870000 625 16.000000 0.60 300 3.903333 0.606667
7.146667 625 16.000000 0.70 300 4.113333 0.573333
4.650000 625 16.000000 0.80 300 2.980000 0.573333
618.206667 625 32.000000 0.00 300 299.753333 1.066667
103.870000 625 32.000000 0.10 300 48.693333 0.886667
37.596667 625 32.000000 0.20 300 18.070000 0.793333
27.136667 625 32.000000 0.30 300 15.280000 0.763333
15.206667 625 32.000000 0.40 300 7.870000 0.693333
10.743333 625 32.000000 0.50 300 5.646667 0.653333
8.426667 625 32.000000 0.60 300 4.643333 0.590000
6.080000 625 32.000000 0.70 300 3.643333 0.563333
5.373333 625 32.000000 0.80 300 3.373333 0.563333
