215.150000 625 1.000000 0.00 300 68.306667 1.796667
32.160000 625 1.000000 0.10 300 10.916667 1.210000
17.306667 625 1.000000 0.20 300 6.170000 0.996667
8.543333 625 1.000000 0.30 300 3.530000 0.840000
6.640000 625 1.000000 0.40 300 2.850000 0.666667
5.440000 625 1.000000 0.50 300 2.506667 0.790000
4.060000 625 1.000000 0.60 300 2.093333 0.606667
3.336667 625 1.000000 0.70 300 1.870000 0.566667
2.546667 625 1.000000 0.80 300 1.593333 0.466667
419.050000 625 2.000000 0.00 300 155.426667 1.740000
62.826667 625 2.000000 0.10 300 22.533333 1.203333
31.750000 625 2.000000 0.20 300 11.703333 0.986667
16.310000 625 2.000000 0.30 300 7.030000 0.910000
12.116667 625 2.000000 0.40 300 5.360000 1.020000
7.393333 625 2.000000 0.50 300 3.313333 0.773333
5.673333 625 2.000000 0.60 300 2.726667 0.613333
5.010000 625 2.000000 0.70 300 2.653333 0.666667
3.670000 625 2.000000 0.80 300 1.990000 0.496667
534.166667 625 4.000000 0.00 300 238.103333 1.473333
96.870000 625 4.000000 0.10 300 42.363333 1.243333
41.830000 625 4.000000 0.20 300 19.703333 1.090000
20.956667 625 4.000000 0.30 300 9.653333 0.890000
16.043333 625 4.000000 0.40 300 7.473333 0.846667
10.390000 625 4.000000 0.50 300 5.216667 0.716667
7.110000 625 4.000000 0.60 300 3.640000 0.730000
5.523333 625 4.000000 0.70 300 2.973333 0.643333
4.783333 625 4.000000 0.80 300 2.633333 0.546667
582.550000 625 8.000000 0.00 300 277.366667 1.240000
118.020000 625 8.000000 0.10 300 56.496667 1.066667
44.510000 625 8.000000 0.20 300 19.440000 0.870000
30.926667 625 8.000000 0.30 300 15.570000 0.866667
20.046667 625 8.000000 0.40 300 9.300000 0.833333
12.743333 625 8.000000 0.50 300 7.103333 0.730000
9.903333 625 8.000000 0.60 300 5.470000 0.723333
7.436667 625 8.000000 0.70 300 4.466667 0.703333
4.260000 625 8.000000 0.80 300 2.490000 0.533333
604.296667 625 16.000000 0.00 300 294.590000 1.106667
140.830000 625 16.000000 0.10 300 67.793333 0.990000
51.346667 625 16.000000 0.20 300 23.213333 0.880000
35.703333 625 16.000000 0.30 300 17.166667 0.760000
20.463333 625 16.000000 0.40 300 10.733333 0.810000
15.186667 625 16.000000 0.50 300 8.170000 0.773333
8.950000 625 16.000000 0.60 300 4.686667 0.693333
8.346667 625 16.000000 0.70 300 4.013333 0.616667
5.783333 625 16.000000 0.80 300 3.643333 0.630000
607.803333 625 32.000000 0.00 300 314.190000 1.046667
112.210000 625 32.000000 0.10 300 59.840000 0.993333
57.736667 625 32.000000 0.20 300 27.553333 0.903333
28.563333 625 32.000000 0.30 300 13.573333 0.840000
22.600000 625 32.000000 0.40 300 12.483333 0.816667
15.263333 625 32.000000 0.50 300 7.883333 0.786667
10.796667 625 32.000000 0.60 300 5.833333 0.663333
9.563333 625 32.000000 0.70 300 4.986667 0.663333
5.660000 625 32.000000 0.80 300 3.153333 0.580000
