219.660000 625 1.000000 0.00 300 69.220000 1.836667
149.890000 625 1.000000 0.10 300 48.550000 1.853333
79.190000 625 1.000000 0.20 300 25.523333 1.333333
40.490000 625 1.000000 0.30 300 13.476667 1.096667
20.863333 625 1.000000 0.40 300 7.563333 1.043333
8.400000 625 1.000000 0.50 300 3.516667 0.753333
6.600000 625 1.000000 0.60 300 2.863333 0.580000
4.000000 625 1.000000 0.70 300 2.146667 0.463333
1.903333 625 1.000000 0.80 300 1.333333 0.303333
410.253333 625 2.000000 0.00 300 155.663333 1.736667
266.073333 625 2.000000 0.10 300 100.106667 1.600000
167.833333 625 2.000000 0.20 300 65.363333 1.540000
102.400000 625 2.000000 0.30 300 41.083333 1.293333
44.893333 625 2.000000 0.40 300 17.440000 1.026667
26.253333 625 2.000000 0.50 300 10.176667 0.906667
11.066667 625 2.000000 0.60 300 4.980000 0.803333
4.463333 625 2.000000 0.70 300 2.393333 0.453333
2.753333 625 2.000000 0.80 300 1.723333 0.390000
537.316667 625 4.000000 0.00 300 241.270000 1.480000
383.026667 625 4.000000 0.10 300 171.913333 1.443333
255.883333 625 4.000000 0.20 300 110.036667 1.416667
157.066667 625 4.000000 0.30 300 65.813333 1.283333
82.463333 625 4.000000 0.40 300 32.213333 1.036667
44.330000 625 4.000000 0.50 300 20.173333 0.863333
19.756667 625 4.000000 0.60 300 8.983333 0.796667
8.663333 625 4.000000 0.70 300 4.260000 0.633333
3.983333 625 4.000000 0.80 300 2.206667 0.350000
581.483333 625 8.000000 0.00 300 289.183333 1.243333
448.290000 625 8.000000 0.10 300 212.853333 1.200000
308.696667 625 8.000000 0.20 300 140.773333 1.190000
204.100000 625 8.000000 0.30 300 95.726667 1.156667
111.913333 625 8.000000 0.40 300 51.113333 1.003333
56.076667 625 8.000000 0.50 300 27.390000 0.846667
23.736667 625 8.000000 0.60 300 12.176667 0.666667
11.220000 625 8.000000 0.70 300 5.520000 0.536667
3.710000 625 8.000000 0.80 300 2.200000 0.373333
605.823333 625 16.000000 0.00 300 285.066667 1.133333
487.546667 625 16.000000 0.10 300 236.953333 1.106667
326.206667 625 16.000000 0.20 300 156.620000 1.063333
204.243333 625 16.000000 0.30 300 90.876667 0.993333
106.246667 625 16.000000 0.40 300 53.550000 0.876667
56.966667 625 16.000000 0.50 300 26.703333 0.756667
28.066667 625 16.000000 0.60 300 14.016667 0.666667
12.380000 625 16.000000 0.70 300 6.663333 0.530000
4.600000 625 16.000000 0.80 300 2.923333 0.393333
620.233333 625 32.000000 0.00 300 305.066667 1.063333
500.690000 625 32.000000 0.10 300 248.683333 1.016667
357.203333 625 32.000000 0.20 300 164.703333 1.026667
224.500000 625 32.000000 0.30 300 115.500000 0.990000
120.970000 625 32.000000 0.40 300 58.590000 0.883333
67.876667 625 32.000000 0.50 300 31.670000 0.820000
29.126667 625 32.000000 0.60 300 15.283333 0.673333
12.860000 625 32.000000 0.70 300 6.800000 0.550000
4.696667 625 32.000000 0.80 300 2.980000 0.346667
