1 625 0.031250 0 10
1 625 0.031250 0 10
1 625 0.031250 0 10
1 625 0.031250 0 10
1 625 0.031250 0 10
1 625 0.031250 0 10
1 625 0.031250 0 10
1 625 0.031250 0 10
1 625 0.031250 0 10
1 625 0.062500 0 10
1 625 0.062500 0 10
1 625 0.062500 0 10
1 625 0.062500 0 10
1 625 0.062500 0 10
1 625 0.062500 0 10
1 625 0.062500 0 10
1 625 0.062500 0 10
1 625 0.062500 0 10
3 625 0.125000 0 10
1 625 0.125000 0 10
1 625 0.125000 0 10
1 625 0.125000 0 10
1 625 0.125000 0 10
1 625 0.125000 0 10
1 625 0.125000 0 10
1 625 0.125000 0 10
1 625 0.125000 0 10
6 625 0.250000 0 10
3 625 0.250000 0 10
1 625 0.250000 0 10
1 625 0.250000 0 10
1 625 0.250000 0 10
1 625 0.250000 0 10
1 625 0.250000 0 10
1 625 0.250000 0 10
1 625 0.250000 0 10
69 625 0.500000 0 10
5 625 0.500000 0 10
4 625 0.500000 0 10
1 625 0.500000 0 10
1 625 0.500000 0 10
1 625 0.500000 0 10
1 625 0.500000 0 10
1 625 0.500000 0 10
1 625 0.500000 0 10
249 625 1.000000 0 10
73 625 1.000000 0 10
6 625 1.000000 0 10
1 625 1.000000 0 10
1 625 1.000000 0 10
1 625 1.000000 0 10
1 625 1.000000 0 10
1 625 1.000000 0 10
1 625 1.000000 0 10
576 625 2.000000 0 10
103 625 2.000000 0 10
16 625 2.000000 0 10
4 625 2.000000 0 10
1 625 2.000000 0 10
1 625 2.000000 0 10
1 625 2.000000 0 10
1 625 2.000000 0 10
1 625 2.000000 0 10
551 625 4.000000 0 10
244 625 4.000000 0 10
30 625 4.000000 0 10
7 625 4.000000 0 10
1 625 4.000000 0 10
1 625 4.000000 0 10
1 625 4.000000 0 10
1 625 4.000000 0 10
1 625 4.000000 0 10
621 625 8.000000 0 10
265 625 8.000000 0 10
86 625 8.000000 0 10
10 625 8.000000 0 10
1 625 8.000000 0 10
1 625 8.000000 0 10
1 625 8.000000 0 10
1 625 8.000000 0 10
1 625 8.000000 0 10
623 625 16.000000 0 10
428 625 16.000000 0 10
61 625 16.000000 0 10
5 625 16.000000 0 10
2 625 16.000000 0 10
1 625 16.000000 0 10
1 625 16.000000 0 10
1 625 16.000000 0 10
1 625 16.000000 0 10
624 625 32.000000 0 10
432 625 32.000000 0 10
149 625 32.000000 0 10
3 625 32.000000 0 10
1 625 32.000000 0 10
1 625 32.000000 0 10
1 625 32.000000 0 10
1 625 32.000000 0 10
1 625 32.000000 0 10
1 1250 0.031250 0 10
1 1250 0.031250 0 10
1 1250 0.031250 0 10
1 1250 0.031250 0 10
1 1250 0.031250 0 10
1 1250 0.031250 0 10
1 1250 0.031250 0 10
1 1250 0.031250 0 10
1 1250 0.031250 0 10
1 1250 0.062500 0 10
1 1250 0.062500 0 10
1 1250 0.062500 0 10
1 1250 0.062500 0 10
1 1250 0.062500 0 10
1 1250 0.062500 0 10
1 1250 0.062500 0 10
1 1250 0.062500 0 10
1 1250 0.062500 0 10
1 1250 0.125000 0 10
1 1250 0.125000 0 10
1 1250 0.125000 0 10
1 1250 0.125000 0 10
1 1250 0.125000 0 10
1 1250 0.125000 0 10
1 1250 0.125000 0 10
1 1250 0.125000 0 10
1 1250 0.125000 0 10
3 1250 0.250000 0 10
3 1250 0.250000 0 10
1 1250 0.250000 0 10
1 1250 0.250000 0 10
1 1250 0.250000 0 10
1 1250 0.250000 0 10
1 1250 0.250000 0 10
1 1250 0.250000 0 10
1 1250 0.250000 0 10
242 1250 0.500000 0 10
3 1250 0.500000 0 10
2 1250 0.500000 0 10
1 1250 0.500000 0 10
1 1250 0.500000 0 10
1 1250 0.500000 0 10
1 1250 0.500000 0 10
1 1250 0.500000 0 10
1 1250 0.500000 0 10
585 1250 1.000000 0 10
119 1250 1.000000 0 10
3 1250 1.000000 0 10
2 1250 1.000000 0 10
1 1250 1.000000 0 10
1 1250 1.000000 0 10
1 1250 1.000000 0 10
1 1250 1.000000 0 10
1 1250 1.000000 0 10
1037 1250 2.000000 0 10
460 1250 2.000000 0 10
9 1250 2.000000 0 10
2 1250 2.000000 0 10
1 1250 2.000000 0 10
1 1250 2.000000 0 10
1 1250 2.000000 0 10
1 1250 2.000000 0 10
1 1250 2.000000 0 10
1095 1250 4.000000 0 10
406 1250 4.000000 0 10
41 1250 4.000000 0 10
3 1250 4.000000 0 10
3 1250 4.000000 0 10
1 1250 4.000000 0 10
1 1250 4.000000 0 10
1 1250 4.000000 0 10
1 1250 4.000000 0 10
1241 1250 8.000000 0 10
799 1250 8.000000 0 10
124 1250 8.000000 0 10
2 1250 8.000000 0 10
3 1250 8.000000 0 10
1 1250 8.000000 0 10
1 1250 8.000000 0 10
1 1250 8.000000 0 10
1 1250 8.000000 0 10
1247 1250 16.000000 0 10
834 1250 16.000000 0 10
246 1250 16.000000 0 10
6 1250 16.000000 0 10
1 1250 16.000000 0 10
2 1250 16.000000 0 10
1 1250 16.000000 0 10
1 1250 16.000000 0 10
1 1250 16.000000 0 10
1249 1250 32.000000 0 10
671 1250 32.000000 0 10
334 1250 32.000000 0 10
28 1250 32.000000 0 10
1 1250 32.000000 0 10
1 1250 32.000000 0 10
1 1250 32.000000 0 10
1 1250 32.000000 0 10
1 1250 32.000000 0 10
1 2500 0.031250 0 10
1 2500 0.031250 0 10
1 2500 0.031250 0 10
1 2500 0.031250 0 10
1 2500 0.031250 0 10
1 2500 0.031250 0 10
1 2500 0.031250 0 10
1 2500 0.031250 0 10
1 2500 0.031250 0 10
1 2500 0.062500 0 10
1 2500 0.062500 0 10
1 2500 0.062500 0 10
1 2500 0.062500 0 10
1 2500 0.062500 0 10
1 2500 0.062500 0 10
1 2500 0.062500 0 10
1 2500 0.062500 0 10
1 2500 0.062500 0 10
1 2500 0.125000 0 10
1 2500 0.125000 0 10
1 2500 0.125000 0 10
1 2500 0.125000 0 10
1 2500 0.125000 0 10
1 2500 0.125000 0 10
1 2500 0.125000 0 10
1 2500 0.125000 0 10
1 2500 0.125000 0 10
1 2500 0.250000 0 10
1 2500 0.250000 0 10
1 2500 0.250000 0 10
1 2500 0.250000 0 10
1 2500 0.250000 0 10
1 2500 0.250000 0 10
1 2500 0.250000 0 10
1 2500 0.250000 0 10
1 2500 0.250000 0 10
627 2500 0.500000 0 10
2 2500 0.500000 0 10
5 2500 0.500000 0 10
1 2500 0.500000 0 10
1 2500 0.500000 0 10
1 2500 0.500000 0 10
1 2500 0.500000 0 10
1 2500 0.500000 0 10
1 2500 0.500000 0 10
982 2500 1.000000 0 10
145 2500 1.000000 0 10
3 2500 1.000000 0 10
2 2500 1.000000 0 10
1 2500 1.000000 0 10
1 2500 1.000000 0 10
1 2500 1.000000 0 10
1 2500 1.000000 0 10
1 2500 1.000000 0 10
1616 2500 2.000000 0 10
643 2500 2.000000 0 10
42 2500 2.000000 0 10
2 2500 2.000000 0 10
1 2500 2.000000 0 10
1 2500 2.000000 0 10
1 2500 2.000000 0 10
1 2500 2.000000 0 10
1 2500 2.000000 0 10
2440 2500 4.000000 0 10
965 2500 4.000000 0 10
145 2500 4.000000 0 10
4 2500 4.000000 0 10
2 2500 4.000000 0 10
1 2500 4.000000 0 10
1 2500 4.000000 0 10
1 2500 4.000000 0 10
1 2500 4.000000 0 10
2483 2500 8.000000 0 10
1259 2500 8.000000 0 10
494 2500 8.000000 0 10
3 2500 8.000000 0 10
5 2500 8.000000 0 10
1 2500 8.000000 0 10
1 2500 8.000000 0 10
1 2500 8.000000 0 10
1 2500 8.000000 0 10
2495 2500 16.000000 0 10
1307 2500 16.000000 0 10
411 2500 16.000000 0 10
6 2500 16.000000 0 10
1 2500 16.000000 0 10
1 2500 16.000000 0 10
1 2500 16.000000 0 10
1 2500 16.000000 0 10
1 2500 16.000000 0 10
2499 2500 32.000000 0 10
1146 2500 32.000000 0 10
441 2500 32.000000 0 10
41 2500 32.000000 0 10
2 2500 32.000000 0 10
1 2500 32.000000 0 10
1 2500 32.000000 0 10
1 2500 32.000000 0 10
1 2500 32.000000 0 10
1 5000 0.031250 0 10
1 5000 0.031250 0 10
1 5000 0.031250 0 10
1 5000 0.031250 0 10
1 5000 0.031250 0 10
1 5000 0.031250 0 10
1 5000 0.031250 0 10
1 5000 0.031250 0 10
1 5000 0.031250 0 10
2 5000 0.062500 0 10
1 5000 0.062500 0 10
1 5000 0.062500 0 10
1 5000 0.062500 0 10
1 5000 0.062500 0 10
1 5000 0.062500 0 10
1 5000 0.062500 0 10
1 5000 0.062500 0 10
1 5000 0.062500 0 10
2 5000 0.125000 0 10
1 5000 0.125000 0 10
1 5000 0.125000 0 10
1 5000 0.125000 0 10
1 5000 0.125000 0 10
1 5000 0.125000 0 10
1 5000 0.125000 0 10
1 5000 0.125000 0 10
1 5000 0.125000 0 10
206 5000 0.250000 0 10
1 5000 0.250000 0 10
2 5000 0.250000 0 10
1 5000 0.250000 0 10
1 5000 0.250000 0 10
1 5000 0.250000 0 10
1 5000 0.250000 0 10
1 5000 0.250000 0 10
1 5000 0.250000 0 10
1270 5000 0.500000 0 10
2 5000 0.500000 0 10
3 5000 0.500000 0 10
1 5000 0.500000 0 10
1 5000 0.500000 0 10
1 5000 0.500000 0 10
1 5000 0.500000 0 10
1 5000 0.500000 0 10
1 5000 0.500000 0 10
2349 5000 1.000000 0 10
222 5000 1.000000 0 10
5 5000 1.000000 0 10
2 5000 1.000000 0 10
1 5000 1.000000 0 10
1 5000 1.000000 0 10
1 5000 1.000000 0 10
1 5000 1.000000 0 10
1 5000 1.000000 0 10
3684 5000 2.000000 0 10
1003 5000 2.000000 0 10
7 5000 2.000000 0 10
2 5000 2.000000 0 10
1 5000 2.000000 0 10
1 5000 2.000000 0 10
1 5000 2.000000 0 10
1 5000 2.000000 0 10
1 5000 2.000000 0 10
4868 5000 4.000000 0 10
1959 5000 4.000000 0 10
387 5000 4.000000 0 10
2 5000 4.000000 0 10
2 5000 4.000000 0 10
1 5000 4.000000 0 10
1 5000 4.000000 0 10
1 5000 4.000000 0 10
1 5000 4.000000 0 10
4965 5000 8.000000 0 10
3215 5000 8.000000 0 10
622 5000 8.000000 0 10
4 5000 8.000000 0 10
2 5000 8.000000 0 10
1 5000 8.000000 0 10
1 5000 8.000000 0 10
1 5000 8.000000 0 10
1 5000 8.000000 0 10
4989 5000 16.000000 0 10
2624 5000 16.000000 0 10
800 5000 16.000000 0 10
12 5000 16.000000 0 10
3 5000 16.000000 0 10
3 5000 16.000000 0 10
1 5000 16.000000 0 10
1 5000 16.000000 0 10
1 5000 16.000000 0 10
4497 5000 32.000000 0 10
3790 5000 32.000000 0 10
1275 5000 32.000000 0 10
3 5000 32.000000 0 10
2 5000 32.000000 0 10
1 5000 32.000000 0 10
1 5000 32.000000 0 10
1 5000 32.000000 0 10
1 5000 32.000000 0 10
1 10000 0.031250 0 10
1 10000 0.031250 0 10
1 10000 0.031250 0 10
1 10000 0.031250 0 10
1 10000 0.031250 0 10
1 10000 0.031250 0 10
1 10000 0.031250 0 10
1 10000 0.031250 0 10
1 10000 0.031250 0 10
1 10000 0.062500 0 10
1 10000 0.062500 0 10
1 10000 0.062500 0 10
1 10000 0.062500 0 10
1 10000 0.062500 0 10
1 10000 0.062500 0 10
1 10000 0.062500 0 10
1 10000 0.062500 0 10
1 10000 0.062500 0 10
1 10000 0.125000 0 10
1 10000 0.125000 0 10
1 10000 0.125000 0 10
1 10000 0.125000 0 10
1 10000 0.125000 0 10
1 10000 0.125000 0 10
1 10000 0.125000 0 10
1 10000 0.125000 0 10
1 10000 0.125000 0 10
303 10000 0.250000 0 10
2 10000 0.250000 0 10
1 10000 0.250000 0 10
1 10000 0.250000 0 10
1 10000 0.250000 0 10
1 10000 0.250000 0 10
1 10000 0.250000 0 10
1 10000 0.250000 0 10
1 10000 0.250000 0 10
4633 10000 0.500000 0 10
5 10000 0.500000 0 10
1 10000 0.500000 0 10
1 10000 0.500000 0 10
1 10000 0.500000 0 10
1 10000 0.500000 0 10
1 10000 0.500000 0 10
1 10000 0.500000 0 10
1 10000 0.500000 0 10
3913 10000 1.000000 0 10
2 10000 1.000000 0 10
7 10000 1.000000 0 10
2 10000 1.000000 0 10
1 10000 1.000000 0 10
1 10000 1.000000 0 10
1 10000 1.000000 0 10
1 10000 1.000000 0 10
1 10000 1.000000 0 10
8281 10000 2.000000 0 10
3038 10000 2.000000 0 10
5 10000 2.000000 0 10
2 10000 2.000000 0 10
1 10000 2.000000 0 10
1 10000 2.000000 0 10
1 10000 2.000000 0 10
1 10000 2.000000 0 10
1 10000 2.000000 0 10
9753 10000 4.000000 0 10
5212 10000 4.000000 0 10
496 10000 4.000000 0 10
8 10000 4.000000 0 10
1 10000 4.000000 0 10
1 10000 4.000000 0 10
1 10000 4.000000 0 10
1 10000 4.000000 0 10
1 10000 4.000000 0 10
9930 10000 8.000000 0 10
6435 10000 8.000000 0 10
1051 10000 8.000000 0 10
5 10000 8.000000 0 10
2 10000 8.000000 0 10
1 10000 8.000000 0 10
1 10000 8.000000 0 10
1 10000 8.000000 0 10
1 10000 8.000000 0 10
9980 10000 16.000000 0 10
4536 10000 16.000000 0 10
1136 10000 16.000000 0 10
22 10000 16.000000 0 10
2 10000 16.000000 0 10
2 10000 16.000000 0 10
1 10000 16.000000 0 10
1 10000 16.000000 0 10
1 10000 16.000000 0 10
9996 10000 32.000000 0 10
5308 10000 32.000000 0 10
2039 10000 32.000000 0 10
12 10000 32.000000 0 10
1 10000 32.000000 0 10
1 10000 32.000000 0 10
1 10000 32.000000 0 10
1 10000 32.000000 0 10
1 10000 32.000000 0 10
