1 625 0.031250 0 10
1 625 0.031250 0 10
1 625 0.031250 0 10
1 625 0.031250 0 10
1 625 0.031250 0 10
1 625 0.031250 0 10
1 625 0.031250 0 10
1 625 0.031250 0 10
1 625 0.031250 0 10
1 625 0.062500 0 10
1 625 0.062500 0 10
1 625 0.062500 0 10
1 625 0.062500 0 10
1 625 0.062500 0 10
1 625 0.062500 0 10
1 625 0.062500 0 10
1 625 0.062500 0 10
1 625 0.062500 0 10
1 625 0.125000 0 10
1 625 0.125000 0 10
1 625 0.125000 0 10
2 625 0.125000 0 10
1 625 0.125000 0 10
1 625 0.125000 0 10
1 625 0.125000 0 10
1 625 0.125000 0 10
1 625 0.125000 0 10
3 625 0.250000 0 10
5 625 0.250000 0 10
1 625 0.250000 0 10
1 625 0.250000 0 10
1 625 0.250000 0 10
1 625 0.250000 0 10
1 625 0.250000 0 10
1 625 0.250000 0 10
1 625 0.250000 0 10
59 625 0.500000 0 10
77 625 0.500000 0 10
16 625 0.500000 0 10
4 625 0.500000 0 10
1 625 0.500000 0 10
6 625 0.500000 0 10
4 625 0.500000 0 10
2 625 0.500000 0 10
1 625 0.500000 0 10
196 625 1.000000 0 10
186 625 1.000000 0 10
23 625 1.000000 0 10
58 625 1.000000 0 10
8 625 1.000000 0 10
1 625 1.000000 0 10
4 625 1.000000 0 10
4 625 1.000000 0 10
1 625 1.000000 0 10
577 625 2.000000 0 10
406 625 2.000000 0 10
216 625 2.000000 0 10
134 625 2.000000 0 10
23 625 2.000000 0 10
21 625 2.000000 0 10
2 625 2.000000 0 10
4 625 2.000000 0 10
5 625 2.000000 0 10
549 625 4.000000 0 10
457 625 4.000000 0 10
333 625 4.000000 0 10
128 625 4.000000 0 10
112 625 4.000000 0 10
27 625 4.000000 0 10
32 625 4.000000 0 10
11 625 4.000000 0 10
4 625 4.000000 0 10
620 625 8.000000 0 10
375 625 8.000000 0 10
393 625 8.000000 0 10
218 625 8.000000 0 10
173 625 8.000000 0 10
65 625 8.000000 0 10
39 625 8.000000 0 10
14 625 8.000000 0 10
20 625 8.000000 0 10
561 625 16.000000 0 10
482 625 16.000000 0 10
318 625 16.000000 0 10
294 625 16.000000 0 10
226 625 16.000000 0 10
101 625 16.000000 0 10
48 625 16.000000 0 10
15 625 16.000000 0 10
3 625 16.000000 0 10
624 625 32.000000 0 10
491 625 32.000000 0 10
413 625 32.000000 0 10
305 625 32.000000 0 10
200 625 32.000000 0 10
109 625 32.000000 0 10
82 625 32.000000 0 10
20 625 32.000000 0 10
10 625 32.000000 0 10
1 1250 0.031250 0 10
1 1250 0.031250 0 10
1 1250 0.031250 0 10
1 1250 0.031250 0 10
1 1250 0.031250 0 10
1 1250 0.031250 0 10
1 1250 0.031250 0 10
1 1250 0.031250 0 10
1 1250 0.031250 0 10
1 1250 0.062500 0 10
1 1250 0.062500 0 10
1 1250 0.062500 0 10
1 1250 0.062500 0 10
1 1250 0.062500 0 10
1 1250 0.062500 0 10
1 1250 0.062500 0 10
1 1250 0.062500 0 10
1 1250 0.062500 0 10
3 1250 0.125000 0 10
1 1250 0.125000 0 10
1 1250 0.125000 0 10
1 1250 0.125000 0 10
1 1250 0.125000 0 10
1 1250 0.125000 0 10
1 1250 0.125000 0 10
1 1250 0.125000 0 10
1 1250 0.125000 0 10
21 1250 0.250000 0 10
15 1250 0.250000 0 10
8 1250 0.250000 0 10
1 1250 0.250000 0 10
2 1250 0.250000 0 10
1 1250 0.250000 0 10
1 1250 0.250000 0 10
1 1250 0.250000 0 10
1 1250 0.250000 0 10
205 1250 0.500000 0 10
91 1250 0.500000 0 10
2 1250 0.500000 0 10
1 1250 0.500000 0 10
2 1250 0.500000 0 10
2 1250 0.500000 0 10
1 1250 0.500000 0 10
1 1250 0.500000 0 10
1 1250 0.500000 0 10
577 1250 1.000000 0 10
260 1250 1.000000 0 10
2 1250 1.000000 0 10
62 1250 1.000000 0 10
5 1250 1.000000 0 10
1 1250 1.000000 0 10
4 1250 1.000000 0 10
2 1250 1.000000 0 10
1 1250 1.000000 0 10
807 1250 2.000000 0 10
883 1250 2.000000 0 10
469 1250 2.000000 0 10
272 1250 2.000000 0 10
66 1250 2.000000 0 10
14 1250 2.000000 0 10
2 1250 2.000000 0 10
1 1250 2.000000 0 10
3 1250 2.000000 0 10
1099 1250 4.000000 0 10
921 1250 4.000000 0 10
729 1250 4.000000 0 10
515 1250 4.000000 0 10
245 1250 4.000000 0 10
13 1250 4.000000 0 10
37 1250 4.000000 0 10
5 1250 4.000000 0 10
4 1250 4.000000 0 10
994 1250 8.000000 0 10
1067 1250 8.000000 0 10
802 1250 8.000000 0 10
713 1250 8.000000 0 10
300 1250 8.000000 0 10
66 1250 8.000000 0 10
43 1250 8.000000 0 10
13 1250 8.000000 0 10
2 1250 8.000000 0 10
1248 1250 16.000000 0 10
1086 1250 16.000000 0 10
823 1250 16.000000 0 10
596 1250 16.000000 0 10
403 1250 16.000000 0 10
218 1250 16.000000 0 10
58 1250 16.000000 0 10
33 1250 16.000000 0 10
4 1250 16.000000 0 10
1248 1250 32.000000 0 10
1094 1250 32.000000 0 10
934 1250 32.000000 0 10
600 1250 32.000000 0 10
373 1250 32.000000 0 10
218 1250 32.000000 0 10
100 1250 32.000000 0 10
5 1250 32.000000 0 10
17 1250 32.000000 0 10
1 2500 0.031250 0 10
1 2500 0.031250 0 10
1 2500 0.031250 0 10
1 2500 0.031250 0 10
1 2500 0.031250 0 10
1 2500 0.031250 0 10
1 2500 0.031250 0 10
1 2500 0.031250 0 10
1 2500 0.031250 0 10
1 2500 0.062500 0 10
1 2500 0.062500 0 10
1 2500 0.062500 0 10
1 2500 0.062500 0 10
1 2500 0.062500 0 10
1 2500 0.062500 0 10
1 2500 0.062500 0 10
1 2500 0.062500 0 10
1 2500 0.062500 0 10
27 2500 0.125000 0 10
1 2500 0.125000 0 10
2 2500 0.125000 0 10
1 2500 0.125000 0 10
1 2500 0.125000 0 10
1 2500 0.125000 0 10
1 2500 0.125000 0 10
1 2500 0.125000 0 10
1 2500 0.125000 0 10
54 2500 0.250000 0 10
1 2500 0.250000 0 10
1 2500 0.250000 0 10
1 2500 0.250000 0 10
2 2500 0.250000 0 10
1 2500 0.250000 0 10
1 2500 0.250000 0 10
1 2500 0.250000 0 10
1 2500 0.250000 0 10
399 2500 0.500000 0 10
60 2500 0.500000 0 10
24 2500 0.500000 0 10
3 2500 0.500000 0 10
2 2500 0.500000 0 10
1 2500 0.500000 0 10
2 2500 0.500000 0 10
1 2500 0.500000 0 10
1 2500 0.500000 0 10
390 2500 1.000000 0 10
372 2500 1.000000 0 10
621 2500 1.000000 0 10
42 2500 1.000000 0 10
22 2500 1.000000 0 10
11 2500 1.000000 0 10
6 2500 1.000000 0 10
3 2500 1.000000 0 10
2 2500 1.000000 0 10
1838 2500 2.000000 0 10
1430 2500 2.000000 0 10
815 2500 2.000000 0 10
593 2500 2.000000 0 10
150 2500 2.000000 0 10
71 2500 2.000000 0 10
2 2500 2.000000 0 10
1 2500 2.000000 0 10
1 2500 2.000000 0 10
2200 2500 4.000000 0 10
1434 2500 4.000000 0 10
811 2500 4.000000 0 10
736 2500 4.000000 0 10
276 2500 4.000000 0 10
108 2500 4.000000 0 10
52 2500 4.000000 0 10
14 2500 4.000000 0 10
6 2500 4.000000 0 10
2481 2500 8.000000 0 10
2118 2500 8.000000 0 10
1062 2500 8.000000 0 10
1378 2500 8.000000 0 10
680 2500 8.000000 0 10
140 2500 8.000000 0 10
139 2500 8.000000 0 10
31 2500 8.000000 0 10
6 2500 8.000000 0 10
2246 2500 16.000000 0 10
2167 2500 16.000000 0 10
1648 2500 16.000000 0 10
1032 2500 16.000000 0 10
1037 2500 16.000000 0 10
422 2500 16.000000 0 10
200 2500 16.000000 0 10
11 2500 16.000000 0 10
13 2500 16.000000 0 10
2498 2500 32.000000 0 10
2186 2500 32.000000 0 10
1657 2500 32.000000 0 10
1209 2500 32.000000 0 10
1053 2500 32.000000 0 10
416 2500 32.000000 0 10
335 2500 32.000000 0 10
113 2500 32.000000 0 10
8 2500 32.000000 0 10
1 5000 0.031250 0 10
1 5000 0.031250 0 10
1 5000 0.031250 0 10
1 5000 0.031250 0 10
1 5000 0.031250 0 10
1 5000 0.031250 0 10
1 5000 0.031250 0 10
1 5000 0.031250 0 10
1 5000 0.031250 0 10
1 5000 0.062500 0 10
1 5000 0.062500 0 10
1 5000 0.062500 0 10
1 5000 0.062500 0 10
1 5000 0.062500 0 10
1 5000 0.062500 0 10
1 5000 0.062500 0 10
1 5000 0.062500 0 10
1 5000 0.062500 0 10
2 5000 0.125000 0 10
1 5000 0.125000 0 10
2 5000 0.125000 0 10
1 5000 0.125000 0 10
1 5000 0.125000 0 10
1 5000 0.125000 0 10
1 5000 0.125000 0 10
1 5000 0.125000 0 10
1 5000 0.125000 0 10
170 5000 0.250000 0 10
1 5000 0.250000 0 10
2 5000 0.250000 0 10
1 5000 0.250000 0 10
1 5000 0.250000 0 10
1 5000 0.250000 0 10
1 5000 0.250000 0 10
1 5000 0.250000 0 10
1 5000 0.250000 0 10
1234 5000 0.500000 0 10
81 5000 0.500000 0 10
28 5000 0.500000 0 10
1 5000 0.500000 0 10
1 5000 0.500000 0 10
1 5000 0.500000 0 10
1 5000 0.500000 0 10
1 5000 0.500000 0 10
1 5000 0.500000 0 10
2357 5000 1.000000 0 10
1536 5000 1.000000 0 10
670 5000 1.000000 0 10
112 5000 1.000000 0 10
5 5000 1.000000 0 10
3 5000 1.000000 0 10
6 5000 1.000000 0 10
1 5000 1.000000 0 10
3 5000 1.000000 0 10
3679 5000 2.000000 0 10
2161 5000 2.000000 0 10
1678 5000 2.000000 0 10
957 5000 2.000000 0 10
382 5000 2.000000 0 10
60 5000 2.000000 0 10
2 5000 2.000000 0 10
15 5000 2.000000 0 10
2 5000 2.000000 0 10
3902 5000 4.000000 0 10
3259 5000 4.000000 0 10
1952 5000 4.000000 0 10
1814 5000 4.000000 0 10
1443 5000 4.000000 0 10
363 5000 4.000000 0 10
4 5000 4.000000 0 10
3 5000 4.000000 0 10
6 5000 4.000000 0 10
4965 5000 8.000000 0 10
4251 5000 8.000000 0 10
3528 5000 8.000000 0 10
1705 5000 8.000000 0 10
1479 5000 8.000000 0 10
468 5000 8.000000 0 10
168 5000 8.000000 0 10
61 5000 8.000000 0 10
24 5000 8.000000 0 10
4490 5000 16.000000 0 10
4310 5000 16.000000 0 10
3300 5000 16.000000 0 10
2104 5000 16.000000 0 10
2064 5000 16.000000 0 10
992 5000 16.000000 0 10
379 5000 16.000000 0 10
2 5000 16.000000 0 10
28 5000 16.000000 0 10
4997 5000 32.000000 0 10
4360 5000 32.000000 0 10
3347 5000 32.000000 0 10
2425 5000 32.000000 0 10
1663 5000 32.000000 0 10
1364 5000 32.000000 0 10
483 5000 32.000000 0 10
60 5000 32.000000 0 10
10 5000 32.000000 0 10
1 10000 0.031250 0 10
1 10000 0.031250 0 10
1 10000 0.031250 0 10
1 10000 0.031250 0 10
1 10000 0.031250 0 10
1 10000 0.031250 0 10
1 10000 0.031250 0 10
1 10000 0.031250 0 10
1 10000 0.031250 0 10
1 10000 0.062500 0 10
1 10000 0.062500 0 10
1 10000 0.062500 0 10
1 10000 0.062500 0 10
1 10000 0.062500 0 10
1 10000 0.062500 0 10
1 10000 0.062500 0 10
1 10000 0.062500 0 10
1 10000 0.062500 0 10
5 10000 0.125000 0 10
1 10000 0.125000 0 10
1 10000 0.125000 0 10
1 10000 0.125000 0 10
1 10000 0.125000 0 10
1 10000 0.125000 0 10
1 10000 0.125000 0 10
1 10000 0.125000 0 10
1 10000 0.125000 0 10
184 10000 0.250000 0 10
3 10000 0.250000 0 10
1 10000 0.250000 0 10
1 10000 0.250000 0 10
2 10000 0.250000 0 10
1 10000 0.250000 0 10
1 10000 0.250000 0 10
1 10000 0.250000 0 10
1 10000 0.250000 0 10
2501 10000 0.500000 0 10
4 10000 0.500000 0 10
4 10000 0.500000 0 10
21 10000 0.500000 0 10
1 10000 0.500000 0 10
1 10000 0.500000 0 10
1 10000 0.500000 0 10
1 10000 0.500000 0 10
2 10000 0.500000 0 10
6200 10000 1.000000 0 10
1092 10000 1.000000 0 10
2023 10000 1.000000 0 10
2 10000 1.000000 0 10
9 10000 1.000000 0 10
1 10000 1.000000 0 10
16 10000 1.000000 0 10
4 10000 1.000000 0 10
2 10000 1.000000 0 10
7360 10000 2.000000 0 10
7190 10000 2.000000 0 10
4359 10000 2.000000 0 10
1887 10000 2.000000 0 10
688 10000 2.000000 0 10
229 10000 2.000000 0 10
1 10000 2.000000 0 10
3 10000 2.000000 0 10
2 10000 2.000000 0 10
9753 10000 4.000000 0 10
6469 10000 4.000000 0 10
4568 10000 4.000000 0 10
4017 10000 4.000000 0 10
1793 10000 4.000000 0 10
893 10000 4.000000 0 10
92 10000 4.000000 0 10
3 10000 4.000000 0 10
8 10000 4.000000 0 10
7942 10000 8.000000 0 10
7648 10000 8.000000 0 10
6346 10000 8.000000 0 10
3433 10000 8.000000 0 10
2140 10000 8.000000 0 10
2373 10000 8.000000 0 10
728 10000 8.000000 0 10
27 10000 8.000000 0 10
1 10000 8.000000 0 10
9982 10000 16.000000 0 10
6918 10000 16.000000 0 10
6580 10000 16.000000 0 10
4792 10000 16.000000 0 10
3260 10000 16.000000 0 10
1988 10000 16.000000 0 10
418 10000 16.000000 0 10
158 10000 16.000000 0 10
6 10000 16.000000 0 10
9994 10000 32.000000 0 10
8738 10000 32.000000 0 10
6665 10000 32.000000 0 10
4848 10000 32.000000 0 10
3296 10000 32.000000 0 10
1423 10000 32.000000 0 10
1892 10000 32.000000 0 10
313 10000 32.000000 0 10
6 10000 32.000000 0 10
