1 625 0.031250 0.0 10
1 625 0.031250 0.1 10
1 625 0.031250 0.2 10
1 625 0.031250 0.3 10
1 625 0.031250 0.4 10
1 625 0.031250 0.5 10
1 625 0.031250 0.6 10
1 625 0.031250 0.7 10
1 625 0.031250 0.8 10
1 625 0.062500 0.0 10
1 625 0.062500 0.1 10
1 625 0.062500 0.2 10
1 625 0.062500 0.3 10
1 625 0.062500 0.4 10
1 625 0.062500 0.5 10
1 625 0.062500 0.6 10
1 625 0.062500 0.7 10
1 625 0.062500 0.8 10
1 625 0.125000 0.0 10
1 625 0.125000 0.1 10
1 625 0.125000 0.2 10
1 625 0.125000 0.3 10
1 625 0.125000 0.4 10
1 625 0.125000 0.5 10
1 625 0.125000 0.6 10
1 625 0.125000 0.7 10
1 625 0.125000 0.8 10
9 625 0.250000 0.0 10
1 625 0.250000 0.1 10
2 625 0.250000 0.2 10
2 625 0.250000 0.3 10
1 625 0.250000 0.4 10
2 625 0.250000 0.5 10
1 625 0.250000 0.6 10
1 625 0.250000 0.7 10
1 625 0.250000 0.8 10
184 625 0.500000 0.0 10
3 625 0.500000 0.1 10
12 625 0.500000 0.2 10
3 625 0.500000 0.3 10
7 625 0.500000 0.4 10
2 625 0.500000 0.5 10
1 625 0.500000 0.6 10
2 625 0.500000 0.7 10
1 625 0.500000 0.8 10
289 625 1.000000 0.0 10
55 625 1.000000 0.1 10
38 625 1.000000 0.2 10
39 625 1.000000 0.3 10
39 625 1.000000 0.4 10
16 625 1.000000 0.5 10
47 625 1.000000 0.6 10
4 625 1.000000 0.7 10
46 625 1.000000 0.8 10
401 625 2.000000 0.0 10
309 625 2.000000 0.1 10
54 625 2.000000 0.2 10
90 625 2.000000 0.3 10
103 625 2.000000 0.4 10
148 625 2.000000 0.5 10
190 625 2.000000 0.6 10
103 625 2.000000 0.7 10
56 625 2.000000 0.8 10
486 625 4.000000 0.0 10
345 625 4.000000 0.1 10
198 625 4.000000 0.2 10
134 625 4.000000 0.3 10
120 625 4.000000 0.4 10
217 625 4.000000 0.5 10
218 625 4.000000 0.6 10
375 625 4.000000 0.7 10
253 625 4.000000 0.8 10
620 625 8.000000 0.0 10
354 625 8.000000 0.1 10
381 625 8.000000 0.2 10
373 625 8.000000 0.3 10
175 625 8.000000 0.4 10
149 625 8.000000 0.5 10
350 625 8.000000 0.6 10
394 625 8.000000 0.7 10
346 625 8.000000 0.8 10
622 625 16.000000 0.0 10
350 625 16.000000 0.1 10
349 625 16.000000 0.2 10
332 625 16.000000 0.3 10
239 625 16.000000 0.4 10
354 625 16.000000 0.5 10
362 625 16.000000 0.6 10
365 625 16.000000 0.7 10
325 625 16.000000 0.8 10
623 625 32.000000 0.0 10
509 625 32.000000 0.1 10
413 625 32.000000 0.2 10
414 625 32.000000 0.3 10
444 625 32.000000 0.4 10
307 625 32.000000 0.5 10
272 625 32.000000 0.6 10
360 625 32.000000 0.7 10
422 625 32.000000 0.8 10
1 1250 0.031250 0.0 10
1 1250 0.031250 0.1 10
1 1250 0.031250 0.2 10
1 1250 0.031250 0.3 10
1 1250 0.031250 0.4 10
1 1250 0.031250 0.5 10
1 1250 0.031250 0.6 10
1 1250 0.031250 0.7 10
1 1250 0.031250 0.8 10
1 1250 0.062500 0.0 10
1 1250 0.062500 0.1 10
1 1250 0.062500 0.2 10
1 1250 0.062500 0.3 10
1 1250 0.062500 0.4 10
1 1250 0.062500 0.5 10
1 1250 0.062500 0.6 10
1 1250 0.062500 0.7 10
1 1250 0.062500 0.8 10
1 1250 0.125000 0.0 10
1 1250 0.125000 0.1 10
2 1250 0.125000 0.2 10
2 1250 0.125000 0.3 10
1 1250 0.125000 0.4 10
1 1250 0.125000 0.5 10
1 1250 0.125000 0.6 10
2 1250 0.125000 0.7 10
1 1250 0.125000 0.8 10
1 1250 0.250000 0.0 10
3 1250 0.250000 0.1 10
3 1250 0.250000 0.2 10
1 1250 0.250000 0.3 10
3 1250 0.250000 0.4 10
1 1250 0.250000 0.5 10
2 1250 0.250000 0.6 10
1 1250 0.250000 0.7 10
1 1250 0.250000 0.8 10
313 1250 0.500000 0.0 10
2 1250 0.500000 0.1 10
1 1250 0.500000 0.2 10
2 1250 0.500000 0.3 10
9 1250 0.500000 0.4 10
8 1250 0.500000 0.5 10
2 1250 0.500000 0.6 10
1 1250 0.500000 0.7 10
2 1250 0.500000 0.8 10
494 1250 1.000000 0.0 10
169 1250 1.000000 0.1 10
55 1250 1.000000 0.2 10
136 1250 1.000000 0.3 10
59 1250 1.000000 0.4 10
64 1250 1.000000 0.5 10
88 1250 1.000000 0.6 10
37 1250 1.000000 0.7 10
92 1250 1.000000 0.8 10
919 1250 2.000000 0.0 10
385 1250 2.000000 0.1 10
498 1250 2.000000 0.2 10
279 1250 2.000000 0.3 10
365 1250 2.000000 0.4 10
215 1250 2.000000 0.5 10
294 1250 2.000000 0.6 10
309 1250 2.000000 0.7 10
102 1250 2.000000 0.8 10
1214 1250 4.000000 0.0 10
615 1250 4.000000 0.1 10
463 1250 4.000000 0.2 10
512 1250 4.000000 0.3 10
359 1250 4.000000 0.4 10
526 1250 4.000000 0.5 10
843 1250 4.000000 0.6 10
619 1250 4.000000 0.7 10
817 1250 4.000000 0.8 10
1118 1250 8.000000 0.0 10
972 1250 8.000000 0.1 10
782 1250 8.000000 0.2 10
549 1250 8.000000 0.3 10
892 1250 8.000000 0.4 10
713 1250 8.000000 0.5 10
852 1250 8.000000 0.6 10
569 1250 8.000000 0.7 10
759 1250 8.000000 0.8 10
1246 1250 16.000000 0.0 10
1042 1250 16.000000 0.1 10
609 1250 16.000000 0.2 10
716 1250 16.000000 0.3 10
881 1250 16.000000 0.4 10
882 1250 16.000000 0.5 10
839 1250 16.000000 0.6 10
890 1250 16.000000 0.7 10
923 1250 16.000000 0.8 10
1248 1250 32.000000 0.0 10
1058 1250 32.000000 0.1 10
769 1250 32.000000 0.2 10
912 1250 32.000000 0.3 10
831 1250 32.000000 0.4 10
747 1250 32.000000 0.5 10
625 1250 32.000000 0.6 10
1014 1250 32.000000 0.7 10
878 1250 32.000000 0.8 10
1 2500 0.031250 0.0 10
1 2500 0.031250 0.1 10
1 2500 0.031250 0.2 10
1 2500 0.031250 0.3 10
1 2500 0.031250 0.4 10
1 2500 0.031250 0.5 10
1 2500 0.031250 0.6 10
1 2500 0.031250 0.7 10
1 2500 0.031250 0.8 10
1 2500 0.062500 0.0 10
1 2500 0.062500 0.1 10
1 2500 0.062500 0.2 10
1 2500 0.062500 0.3 10
1 2500 0.062500 0.4 10
1 2500 0.062500 0.5 10
1 2500 0.062500 0.6 10
1 2500 0.062500 0.7 10
1 2500 0.062500 0.8 10
6 2500 0.125000 0.0 10
2 2500 0.125000 0.1 10
1 2500 0.125000 0.2 10
1 2500 0.125000 0.3 10
1 2500 0.125000 0.4 10
1 2500 0.125000 0.5 10
1 2500 0.125000 0.6 10
1 2500 0.125000 0.7 10
1 2500 0.125000 0.8 10
11 2500 0.250000 0.0 10
1 2500 0.250000 0.1 10
1 2500 0.250000 0.2 10
3 2500 0.250000 0.3 10
1 2500 0.250000 0.4 10
2 2500 0.250000 0.5 10
2 2500 0.250000 0.6 10
1 2500 0.250000 0.7 10
2 2500 0.250000 0.8 10
375 2500 0.500000 0.0 10
102 2500 0.500000 0.1 10
2 2500 0.500000 0.2 10
5 2500 0.500000 0.3 10
1 2500 0.500000 0.4 10
12 2500 0.500000 0.5 10
8 2500 0.500000 0.6 10
2 2500 0.500000 0.7 10
3 2500 0.500000 0.8 10
1163 2500 1.000000 0.0 10
525 2500 1.000000 0.1 10
101 2500 1.000000 0.2 10
87 2500 1.000000 0.3 10
96 2500 1.000000 0.4 10
454 2500 1.000000 0.5 10
110 2500 1.000000 0.6 10
348 2500 1.000000 0.7 10
140 2500 1.000000 0.8 10
923 2500 2.000000 0.0 10
1373 2500 2.000000 0.1 10
1073 2500 2.000000 0.2 10
733 2500 2.000000 0.3 10
931 2500 2.000000 0.4 10
842 2500 2.000000 0.5 10
893 2500 2.000000 0.6 10
920 2500 2.000000 0.7 10
1135 2500 2.000000 0.8 10
2196 2500 4.000000 0.0 10
1523 2500 4.000000 0.1 10
1753 2500 4.000000 0.2 10
1735 2500 4.000000 0.3 10
1490 2500 4.000000 0.4 10
1609 2500 4.000000 0.5 10
886 2500 4.000000 0.6 10
1396 2500 4.000000 0.7 10
1107 2500 4.000000 0.8 10
2482 2500 8.000000 0.0 10
1736 2500 8.000000 0.1 10
1797 2500 8.000000 0.2 10
1998 2500 8.000000 0.3 10
1819 2500 8.000000 0.4 10
1010 2500 8.000000 0.5 10
1979 2500 8.000000 0.6 10
1472 2500 8.000000 0.7 10
1190 2500 8.000000 0.8 10
2244 2500 16.000000 0.0 10
2050 2500 16.000000 0.1 10
2041 2500 16.000000 0.2 10
1988 2500 16.000000 0.3 10
1851 2500 16.000000 0.4 10
2097 2500 16.000000 0.5 10
1701 2500 16.000000 0.6 10
1800 2500 16.000000 0.7 10
1796 2500 16.000000 0.8 10
2498 2500 32.000000 0.0 10
2142 2500 32.000000 0.1 10
1903 2500 32.000000 0.2 10
1633 2500 32.000000 0.3 10
1572 2500 32.000000 0.4 10
2177 2500 32.000000 0.5 10
1862 2500 32.000000 0.6 10
1828 2500 32.000000 0.7 10
1623 2500 32.000000 0.8 10
1 5000 0.031250 0.0 10
1 5000 0.031250 0.1 10
1 5000 0.031250 0.2 10
1 5000 0.031250 0.3 10
1 5000 0.031250 0.4 10
1 5000 0.031250 0.5 10
1 5000 0.031250 0.6 10
1 5000 0.031250 0.7 10
1 5000 0.031250 0.8 10
1 5000 0.062500 0.0 10
1 5000 0.062500 0.1 10
1 5000 0.062500 0.2 10
1 5000 0.062500 0.3 10
1 5000 0.062500 0.4 10
1 5000 0.062500 0.5 10
1 5000 0.062500 0.6 10
1 5000 0.062500 0.7 10
1 5000 0.062500 0.8 10
1 5000 0.125000 0.0 10
2 5000 0.125000 0.1 10
2 5000 0.125000 0.2 10
2 5000 0.125000 0.3 10
1 5000 0.125000 0.4 10
1 5000 0.125000 0.5 10
1 5000 0.125000 0.6 10
2 5000 0.125000 0.7 10
2 5000 0.125000 0.8 10
190 5000 0.250000 0.0 10
2 5000 0.250000 0.1 10
1 5000 0.250000 0.2 10
1 5000 0.250000 0.3 10
2 5000 0.250000 0.4 10
2 5000 0.250000 0.5 10
5 5000 0.250000 0.6 10
1 5000 0.250000 0.7 10
2 5000 0.250000 0.8 10
259 5000 0.500000 0.0 10
39 5000 0.500000 0.1 10
3 5000 0.500000 0.2 10
18 5000 0.500000 0.3 10
116 5000 0.500000 0.4 10
8 5000 0.500000 0.5 10
25 5000 0.500000 0.6 10
21 5000 0.500000 0.7 10
47 5000 0.500000 0.8 10
3467 5000 1.000000 0.0 10
485 5000 1.000000 0.1 10
292 5000 1.000000 0.2 10
767 5000 1.000000 0.3 10
969 5000 1.000000 0.4 10
587 5000 1.000000 0.5 10
741 5000 1.000000 0.6 10
601 5000 1.000000 0.7 10
726 5000 1.000000 0.8 10
3223 5000 2.000000 0.0 10
2119 5000 2.000000 0.1 10
2391 5000 2.000000 0.2 10
2435 5000 2.000000 0.3 10
1949 5000 2.000000 0.4 10
1757 5000 2.000000 0.5 10
1737 5000 2.000000 0.6 10
1665 5000 2.000000 0.7 10
1559 5000 2.000000 0.8 10
3408 5000 4.000000 0.0 10
3435 5000 4.000000 0.1 10
3401 5000 4.000000 0.2 10
2419 5000 4.000000 0.3 10
3127 5000 4.000000 0.4 10
3364 5000 4.000000 0.5 10
4030 5000 4.000000 0.6 10
3074 5000 4.000000 0.7 10
2700 5000 4.000000 0.8 10
4966 5000 8.000000 0.0 10
4057 5000 8.000000 0.1 10
2590 5000 8.000000 0.2 10
3446 5000 8.000000 0.3 10
2862 5000 8.000000 0.4 10
4236 5000 8.000000 0.5 10
3840 5000 8.000000 0.6 10
3314 5000 8.000000 0.7 10
3881 5000 8.000000 0.8 10
4989 5000 16.000000 0.0 10
3863 5000 16.000000 0.1 10
3922 5000 16.000000 0.2 10
3148 5000 16.000000 0.3 10
4234 5000 16.000000 0.4 10
4060 5000 16.000000 0.5 10
4013 5000 16.000000 0.6 10
3371 5000 16.000000 0.7 10
3882 5000 16.000000 0.8 10
4996 5000 32.000000 0.0 10
4466 5000 32.000000 0.1 10
4420 5000 32.000000 0.2 10
4345 5000 32.000000 0.3 10
3977 5000 32.000000 0.4 10
4308 5000 32.000000 0.5 10
3912 5000 32.000000 0.6 10
4371 5000 32.000000 0.7 10
4058 5000 32.000000 0.8 10
