1 625 0.031250 0 10
1 625 0.031250 0 10
1 625 0.031250 0 10
1 625 0.031250 0 10
1 625 0.031250 0 10
1 625 0.031250 0 10
1 625 0.031250 0 10
1 625 0.031250 0 10
1 625 0.031250 0 10
1 625 0.062500 0 10
1 625 0.062500 0 10
1 625 0.062500 0 10
1 625 0.062500 0 10
1 625 0.062500 0 10
1 625 0.062500 0 10
1 625 0.062500 0 10
1 625 0.062500 0 10
1 625 0.062500 0 10
4 625 0.125000 0 10
1 625 0.125000 0 10
1 625 0.125000 0 10
1 625 0.125000 0 10
1 625 0.125000 0 10
1 625 0.125000 0 10
1 625 0.125000 0 10
1 625 0.125000 0 10
1 625 0.125000 0 10
15 625 0.250000 0 10
1 625 0.250000 0 10
1 625 0.250000 0 10
1 625 0.250000 0 10
1 625 0.250000 0 10
1 625 0.250000 0 10
2 625 0.250000 0 10
1 625 0.250000 0 10
2 625 0.250000 0 10
100 625 0.500000 0 10
2 625 0.500000 0 10
1 625 0.500000 0 10
4 625 0.500000 0 10
3 625 0.500000 0 10
3 625 0.500000 0 10
1 625 0.500000 0 10
1 625 0.500000 0 10
2 625 0.500000 0 10
287 625 1.000000 0 10
47 625 1.000000 0 10
2 625 1.000000 0 10
10 625 1.000000 0 10
1 625 1.000000 0 10
27 625 1.000000 0 10
2 625 1.000000 0 10
6 625 1.000000 0 10
11 625 1.000000 0 10
517 625 2.000000 0 10
234 625 2.000000 0 10
118 625 2.000000 0 10
26 625 2.000000 0 10
57 625 2.000000 0 10
46 625 2.000000 0 10
32 625 2.000000 0 10
52 625 2.000000 0 10
4 625 2.000000 0 10
546 625 4.000000 0 10
390 625 4.000000 0 10
99 625 4.000000 0 10
74 625 4.000000 0 10
127 625 4.000000 0 10
107 625 4.000000 0 10
41 625 4.000000 0 10
99 625 4.000000 0 10
63 625 4.000000 0 10
620 625 8.000000 0 10
483 625 8.000000 0 10
190 625 8.000000 0 10
192 625 8.000000 0 10
150 625 8.000000 0 10
91 625 8.000000 0 10
164 625 8.000000 0 10
91 625 8.000000 0 10
77 625 8.000000 0 10
623 625 16.000000 0 10
329 625 16.000000 0 10
332 625 16.000000 0 10
173 625 16.000000 0 10
136 625 16.000000 0 10
165 625 16.000000 0 10
144 625 16.000000 0 10
175 625 16.000000 0 10
186 625 16.000000 0 10
624 625 32.000000 0 10
331 625 32.000000 0 10
254 625 32.000000 0 10
229 625 32.000000 0 10
156 625 32.000000 0 10
187 625 32.000000 0 10
161 625 32.000000 0 10
175 625 32.000000 0 10
90 625 32.000000 0 10
1 1250 0.031250 0 10
1 1250 0.031250 0 10
1 1250 0.031250 0 10
1 1250 0.031250 0 10
1 1250 0.031250 0 10
1 1250 0.031250 0 10
1 1250 0.031250 0 10
1 1250 0.031250 0 10
1 1250 0.031250 0 10
1 1250 0.062500 0 10
1 1250 0.062500 0 10
1 1250 0.062500 0 10
1 1250 0.062500 0 10
1 1250 0.062500 0 10
1 1250 0.062500 0 10
1 1250 0.062500 0 10
1 1250 0.062500 0 10
1 1250 0.062500 0 10
3 1250 0.125000 0 10
1 1250 0.125000 0 10
1 1250 0.125000 0 10
1 1250 0.125000 0 10
1 1250 0.125000 0 10
1 1250 0.125000 0 10
1 1250 0.125000 0 10
1 1250 0.125000 0 10
1 1250 0.125000 0 10
3 1250 0.250000 0 10
1 1250 0.250000 0 10
1 1250 0.250000 0 10
1 1250 0.250000 0 10
1 1250 0.250000 0 10
2 1250 0.250000 0 10
2 1250 0.250000 0 10
2 1250 0.250000 0 10
3 1250 0.250000 0 10
241 1250 0.500000 0 10
6 1250 0.500000 0 10
4 1250 0.500000 0 10
1 1250 0.500000 0 10
1 1250 0.500000 0 10
2 1250 0.500000 0 10
1 1250 0.500000 0 10
1 1250 0.500000 0 10
3 1250 0.500000 0 10
783 1250 1.000000 0 10
160 1250 1.000000 0 10
9 1250 1.000000 0 10
40 1250 1.000000 0 10
9 1250 1.000000 0 10
9 1250 1.000000 0 10
10 1250 1.000000 0 10
21 1250 1.000000 0 10
9 1250 1.000000 0 10
1033 1250 2.000000 0 10
570 1250 2.000000 0 10
218 1250 2.000000 0 10
52 1250 2.000000 0 10
31 1250 2.000000 0 10
158 1250 2.000000 0 10
83 1250 2.000000 0 10
23 1250 2.000000 0 10
42 1250 2.000000 0 10
1097 1250 4.000000 0 10
892 1250 4.000000 0 10
270 1250 4.000000 0 10
311 1250 4.000000 0 10
38 1250 4.000000 0 10
124 1250 4.000000 0 10
179 1250 4.000000 0 10
118 1250 4.000000 0 10
176 1250 4.000000 0 10
1118 1250 8.000000 0 10
837 1250 8.000000 0 10
593 1250 8.000000 0 10
343 1250 8.000000 0 10
424 1250 8.000000 0 10
157 1250 8.000000 0 10
229 1250 8.000000 0 10
303 1250 8.000000 0 10
262 1250 8.000000 0 10
1122 1250 16.000000 0 10
865 1250 16.000000 0 10
733 1250 16.000000 0 10
487 1250 16.000000 0 10
409 1250 16.000000 0 10
160 1250 16.000000 0 10
239 1250 16.000000 0 10
371 1250 16.000000 0 10
132 1250 16.000000 0 10
1249 1250 32.000000 0 10
988 1250 32.000000 0 10
850 1250 32.000000 0 10
330 1250 32.000000 0 10
423 1250 32.000000 0 10
249 1250 32.000000 0 10
205 1250 32.000000 0 10
347 1250 32.000000 0 10
249 1250 32.000000 0 10
1 2500 0.031250 0 10
1 2500 0.031250 0 10
1 2500 0.031250 0 10
1 2500 0.031250 0 10
1 2500 0.031250 0 10
1 2500 0.031250 0 10
1 2500 0.031250 0 10
1 2500 0.031250 0 10
1 2500 0.031250 0 10
1 2500 0.062500 0 10
1 2500 0.062500 0 10
1 2500 0.062500 0 10
1 2500 0.062500 0 10
1 2500 0.062500 0 10
1 2500 0.062500 0 10
1 2500 0.062500 0 10
1 2500 0.062500 0 10
1 2500 0.062500 0 10
2 2500 0.125000 0 10
2 2500 0.125000 0 10
1 2500 0.125000 0 10
1 2500 0.125000 0 10
1 2500 0.125000 0 10
1 2500 0.125000 0 10
1 2500 0.125000 0 10
1 2500 0.125000 0 10
1 2500 0.125000 0 10
48 2500 0.250000 0 10
1 2500 0.250000 0 10
1 2500 0.250000 0 10
1 2500 0.250000 0 10
1 2500 0.250000 0 10
1 2500 0.250000 0 10
1 2500 0.250000 0 10
1 2500 0.250000 0 10
1 2500 0.250000 0 10
115 2500 0.500000 0 10
3 2500 0.500000 0 10
1 2500 0.500000 0 10
1 2500 0.500000 0 10
1 2500 0.500000 0 10
3 2500 0.500000 0 10
4 2500 0.500000 0 10
3 2500 0.500000 0 10
1 2500 0.500000 0 10
1378 2500 1.000000 0 10
288 2500 1.000000 0 10
62 2500 1.000000 0 10
25 2500 1.000000 0 10
2 2500 1.000000 0 10
9 2500 1.000000 0 10
7 2500 1.000000 0 10
4 2500 1.000000 0 10
10 2500 1.000000 0 10
1614 2500 2.000000 0 10
978 2500 2.000000 0 10
193 2500 2.000000 0 10
72 2500 2.000000 0 10
196 2500 2.000000 0 10
180 2500 2.000000 0 10
47 2500 2.000000 0 10
52 2500 2.000000 0 10
132 2500 2.000000 0 10
2436 2500 4.000000 0 10
1180 2500 4.000000 0 10
637 2500 4.000000 0 10
501 2500 4.000000 0 10
251 2500 4.000000 0 10
486 2500 4.000000 0 10
444 2500 4.000000 0 10
298 2500 4.000000 0 10
219 2500 4.000000 0 10
2238 2500 8.000000 0 10
1470 2500 8.000000 0 10
940 2500 8.000000 0 10
471 2500 8.000000 0 10
533 2500 8.000000 0 10
455 2500 8.000000 0 10
580 2500 8.000000 0 10
771 2500 8.000000 0 10
510 2500 8.000000 0 10
2246 2500 16.000000 0 10
2178 2500 16.000000 0 10
1133 2500 16.000000 0 10
505 2500 16.000000 0 10
787 2500 16.000000 0 10
815 2500 16.000000 0 10
852 2500 16.000000 0 10
371 2500 16.000000 0 10
731 2500 16.000000 0 10
2498 2500 32.000000 0 10
2208 2500 32.000000 0 10
1339 2500 32.000000 0 10
679 2500 32.000000 0 10
839 2500 32.000000 0 10
512 2500 32.000000 0 10
405 2500 32.000000 0 10
598 2500 32.000000 0 10
687 2500 32.000000 0 10
1 5000 0.031250 0 10
1 5000 0.031250 0 10
1 5000 0.031250 0 10
1 5000 0.031250 0 10
1 5000 0.031250 0 10
1 5000 0.031250 0 10
1 5000 0.031250 0 10
1 5000 0.031250 0 10
1 5000 0.031250 0 10
1 5000 0.062500 0 10
1 5000 0.062500 0 10
1 5000 0.062500 0 10
1 5000 0.062500 0 10
1 5000 0.062500 0 10
1 5000 0.062500 0 10
1 5000 0.062500 0 10
1 5000 0.062500 0 10
1 5000 0.062500 0 10
1 5000 0.125000 0 10
1 5000 0.125000 0 10
1 5000 0.125000 0 10
1 5000 0.125000 0 10
1 5000 0.125000 0 10
1 5000 0.125000 0 10
1 5000 0.125000 0 10
1 5000 0.125000 0 10
1 5000 0.125000 0 10
3 5000 0.250000 0 10
1 5000 0.250000 0 10
3 5000 0.250000 0 10
1 5000 0.250000 0 10
1 5000 0.250000 0 10
1 5000 0.250000 0 10
2 5000 0.250000 0 10
1 5000 0.250000 0 10
1 5000 0.250000 0 10
1266 5000 0.500000 0 10
7 5000 0.500000 0 10
2 5000 0.500000 0 10
1 5000 0.500000 0 10
3 5000 0.500000 0 10
2 5000 0.500000 0 10
2 5000 0.500000 0 10
2 5000 0.500000 0 10
1 5000 0.500000 0 10
1962 5000 1.000000 0 10
393 5000 1.000000 0 10
7 5000 1.000000 0 10
1 5000 1.000000 0 10
1 5000 1.000000 0 10
8 5000 1.000000 0 10
4 5000 1.000000 0 10
42 5000 1.000000 0 10
3 5000 1.000000 0 10
2305 5000 2.000000 0 10
1614 5000 2.000000 0 10
916 5000 2.000000 0 10
379 5000 2.000000 0 10
125 5000 2.000000 0 10
393 5000 2.000000 0 10
189 5000 2.000000 0 10
153 5000 2.000000 0 10
163 5000 2.000000 0 10
4885 5000 4.000000 0 10
2752 5000 4.000000 0 10
1317 5000 4.000000 0 10
964 5000 4.000000 0 10
1030 5000 4.000000 0 10
329 5000 4.000000 0 10
847 5000 4.000000 0 10
652 5000 4.000000 0 10
746 5000 4.000000 0 10
3969 5000 8.000000 0 10
3792 5000 8.000000 0 10
2472 5000 8.000000 0 10
1155 5000 8.000000 0 10
627 5000 8.000000 0 10
920 5000 8.000000 0 10
1412 5000 8.000000 0 10
1163 5000 8.000000 0 10
1022 5000 8.000000 0 10
4992 5000 16.000000 0 10
2585 5000 16.000000 0 10
1329 5000 16.000000 0 10
1284 5000 16.000000 0 10
1321 5000 16.000000 0 10
1221 5000 16.000000 0 10
1087 5000 16.000000 0 10
520 5000 16.000000 0 10
1147 5000 16.000000 0 10
4996 5000 32.000000 0 10
4429 5000 32.000000 0 10
2038 5000 32.000000 0 10
1570 5000 32.000000 0 10
1414 5000 32.000000 0 10
1044 5000 32.000000 0 10
1350 5000 32.000000 0 10
960 5000 32.000000 0 10
1180 5000 32.000000 0 10
1 10000 0.031250 0 10
1 10000 0.031250 0 10
1 10000 0.031250 0 10
1 10000 0.031250 0 10
1 10000 0.031250 0 10
1 10000 0.031250 0 10
1 10000 0.031250 0 10
1 10000 0.031250 0 10
1 10000 0.031250 0 10
1 10000 0.062500 0 10
1 10000 0.062500 0 10
1 10000 0.062500 0 10
1 10000 0.062500 0 10
1 10000 0.062500 0 10
1 10000 0.062500 0 10
1 10000 0.062500 0 10
1 10000 0.062500 0 10
1 10000 0.062500 0 10
2 10000 0.125000 0 10
1 10000 0.125000 0 10
1 10000 0.125000 0 10
2 10000 0.125000 0 10
1 10000 0.125000 0 10
1 10000 0.125000 0 10
1 10000 0.125000 0 10
1 10000 0.125000 0 10
1 10000 0.125000 0 10
255 10000 0.250000 0 10
1 10000 0.250000 0 10
1 10000 0.250000 0 10
2 10000 0.250000 0 10
1 10000 0.250000 0 10
1 10000 0.250000 0 10
1 10000 0.250000 0 10
1 10000 0.250000 0 10
1 10000 0.250000 0 10
2031 10000 0.500000 0 10
2 10000 0.500000 0 10
3 10000 0.500000 0 10
3 10000 0.500000 0 10
1 10000 0.500000 0 10
2 10000 0.500000 0 10
2 10000 0.500000 0 10
3 10000 0.500000 0 10
1 10000 0.500000 0 10
6193 10000 1.000000 0 10
709 10000 1.000000 0 10
21 10000 1.000000 0 10
4 10000 1.000000 0 10
36 10000 1.000000 0 10
45 10000 1.000000 0 10
4 10000 1.000000 0 10
11 10000 1.000000 0 10
6 10000 1.000000 0 10
8276 10000 2.000000 0 10
3879 10000 2.000000 0 10
706 10000 2.000000 0 10
539 10000 2.000000 0 10
207 10000 2.000000 0 10
753 10000 2.000000 0 10
277 10000 2.000000 0 10
489 10000 2.000000 0 10
354 10000 2.000000 0 10
8766 10000 4.000000 0 10
7078 10000 4.000000 0 10
3126 10000 4.000000 0 10
811 10000 4.000000 0 10
1022 10000 4.000000 0 10
971 10000 4.000000 0 10
1143 10000 4.000000 0 10
1439 10000 4.000000 0 10
1386 10000 4.000000 0 10
9934 10000 8.000000 0 10
8420 10000 8.000000 0 10
3072 10000 8.000000 0 10
1871 10000 8.000000 0 10
1254 10000 8.000000 0 10
2563 10000 8.000000 0 10
2098 10000 8.000000 0 10
1722 10000 8.000000 0 10
1048 10000 8.000000 0 10
8984 10000 16.000000 0 10
6075 10000 16.000000 0 10
3284 10000 16.000000 0 10
2587 10000 16.000000 0 10
2653 10000 16.000000 0 10
2037 10000 16.000000 0 10
2605 10000 16.000000 0 10
1870 10000 16.000000 0 10
2975 10000 16.000000 0 10
9995 10000 32.000000 0 10
7052 10000 32.000000 0 10
6084 10000 32.000000 0 10
2615 10000 32.000000 0 10
2753 10000 32.000000 0 10
2110 10000 32.000000 0 10
1525 10000 32.000000 0 10
2310 10000 32.000000 0 10
1538 10000 32.000000 0 10
