(0,0.1956533328)(0.1,0.1411733333)(0.2,0.09556)(0.3,0.05140571429)(0.4,0.03521777867)(0.5,0.0224426656)(0.6,0.018866668)(0.7,0.009617776)(0.8,0.011493336)


(0,0.52848)(0.1,0.41536)(0.2,0.344853334)(0.3,0.2527238103)(0.4,0.1471822213)(0.5,0.0853973344)(0.6,0.04052)(0.7,0.02343110933)(0.8,0.015093336)


(0,0.755104)(0.1,0.6678518524)(0.2,0.564833334)(0.3,0.4970057143)(0.4,0.3577955547)(0.5,0.245056)(0.6,0.140706668)(0.7,0.052622224)(0.8,0.027333336)


(0,0.8965386672)(0.1,0.8159881476)(0.2,0.742706666)(0.3,0.6654171429)(0.4,0.5542666667)(0.5,0.347744)(0.6,0.220906668)(0.7,0.09895110933)(0.8,0.042053336)


(0,0.9531946672)(0.1,0.9402666667)(0.2,0.857993334)(0.3,0.7954514286)(0.4,0.6154755547)(0.5,0.4650026656)(0.6,0.302866668)(0.7,0.13648)(0.8,0.053173336)


(0,0.975024)(0.1,0.9708977778)(0.2,0.912566666)(0.3,0.8195961897)(0.4,0.6922666667)(0.5,0.5479573344)(0.6,0.356466668)(0.7,0.162702224)(0.8,0.059546664)


(0,0.992896)(0.1,0.9717748142)(0.2,0.929826666)(0.3,0.8584609531)(0.4,0.7311466667)(0.5,0.57856)(0.6,0.36964)(0.7,0.181617776)(0.8,0.061466664)















(0,0.0884426672)(0.1,0.06479407467)(0.2,0.05056)(0.3,0.02871618971)(0.4,0.02339555467)(0.5,0.0169493344)(0.6,0.010573332)(0.7,0.01080889067)(0.8,0.011253336)


(0,0.3568373328)(0.1,0.234127408)(0.2,0.190513334)(0.3,0.09832381029)(0.4,0.05085333333)(0.5,0.035104)(0.6,0.024)(0.7,0.016)(0.8,0.016)


(0,0.63104)(0.1,0.5055466667)(0.2,0.375053334)(0.3,0.2369066674)(0.4,0.152791112)(0.5,0.0936213344)(0.6,0.054093332)(0.7,0.03160889067)(0.8,0.021253336)


(0,0.84064)(0.1,0.7009066667)(0.2,0.530433334)(0.3,0.353241904)(0.4,0.2249066667)(0.5,0.1370026656)(0.6,0.082426668)(0.7,0.04968889067)(0.8,0.030373336)


(0,0.915616)(0.1,0.81024)(0.2,0.611653334)(0.3,0.4302628571)(0.4,0.2897244453)(0.5,0.1823253344)(0.6,0.100413332)(0.7,0.04119110933)(0.8,0.029706664)


(0,0.972432)(0.1,0.8708148142)(0.2,0.626773334)(0.3,0.4851276183)(0.4,0.3174133333)(0.5,0.2169706656)(0.6,0.113253332)(0.7,0.06968889067)(0.8,0.02736)


(0,0.9924373328)(0.1,0.9004444444)(0.2,0.684706666)(0.3,0.5196342857)(0.4,0.34488)(0.5,0.2241813344)(0.6,0.116293332)(0.7,0.070382224)(0.8,0.042586664)











(0,0.2061526667)(0.1,0.1481714814)(0.2,0.09037166663)(0.3,0.05924380957)(0.4,0.02872)(0.5,0.009384)(0.6,0.00406583325)(0.7,0.001071111)(0.8,0.0010233335)


(0,0.5187263333)(0.1,0.3716811111)(0.2,0.35720875)(0.3,0.2309404761)(0.4,0.1311661112)(0.5,0.09195)(0.6,0.02651416675)(0.7,0.006247777667)(0.8,0.0012983335)


(0,0.7267813333)(0.1,0.6854385186)(0.2,0.5193779166)(0.3,0.5056833333)(0.4,0.387485)(0.5,0.2346366666)(0.6,0.1157425)(0.7,0.02725444433)(0.8,0.0039266665)


(0,0.868153)(0.1,0.8369355556)(0.2,0.7622408334)(0.3,0.6391328571)(0.4,0.5325233333)(0.5,0.3993913334)(0.6,0.21316)(0.7,0.06935333333)(0.8,0.01392)


(0,0.9203076667)(0.1,0.9299177778)(0.2,0.8388983334)(0.3,0.7491461904)(0.4,0.6494033333)(0.5,0.4616133334)(0.6,0.2864733333)(0.7,0.1348222223)(0.8,0.01536)


(0,0.964939)(0.1,0.9434914814)(0.2,0.92501375)(0.3,0.8323395239)(0.4,0.6935283333)(0.5,0.5685193334)(0.6,0.319245)(0.7,0.1497866667)(0.8,0.0226566665)


(0,0.9928616667)(0.1,0.9675959259)(0.2,0.9295025)(0.3,0.8671519047)(0.4,0.7451544445)(0.5,0.5710113334)(0.6,0.3819066668)(0.7,0.150978889)(0.8,0.033155)















(0,0.0706093333)(0.1,0.03306962967)(0.2,0.02102833338)(0.3,0.010232381)(0.4,0.00477)(0.5,0.0018713334)(0.6,0.0016625)(0.7,0.0009244443333)(0.8,0.000735)


(0,0.3586176667)(0.1,0.1895985186)(0.2,0.1160975)(0.3,0.04587666671)(0.4,0.01942277783)(0.5,0.0102626666)(0.6,0.00316583325)(0.7,0.00142)(0.8,0.001365)


(0,0.6916913333)(0.1,0.466767037)(0.2,0.2846054166)(0.3,0.1437028571)(0.4,0.06683611117)(0.5,0.0269486666)(0.6,0.01151166675)(0.7,0.004804444333)(0.8,0.003005)


(0,0.8441606667)(0.1,0.6414974074)(0.2,0.4311691666)(0.3,0.2587242857)(0.4,0.1363805555)(0.5,0.0487986666)(0.6,0.0230825)(0.7,0.009104444333)(0.8,0.004485)


(0,0.9261576667)(0.1,0.7822911111)(0.2,0.5651795834)(0.3,0.3332842857)(0.4,0.1678577778)(0.5,0.070262)(0.6,0.03337416675)(0.7,0.015671111)(0.8,0.0063066665)


(0,0.9728143333)(0.1,0.8130577778)(0.2,0.5588183334)(0.3,0.35021)(0.4,0.1919394445)(0.5,0.0683773334)(0.6,0.0367025)(0.7,0.01383333333)(0.8,0.0056783335)


(0,0.9988403333)(0.1,0.8290455556)(0.2,0.6257075)(0.3,0.3787719047)(0.4,0.2121977778)(0.5,0.0825273334)(0.6,0.048695)(0.7,0.012601111)(0.8,0.00466)
